Timestamp,Temperature,Roll,Pitch,Yaw,Pressure,Altitude,ax,ay,az,gx,gy,gz,mx,my,mz
632718,29.00,-0.66,1.96,-70.93,1013.25,600.00,-0.03,-0.01,0.97,0.73,1.46,0.49,33.52,-97.01,-56.18
632769,29.00,-0.65,1.92,-70.32,1013.25,600.00,-0.03,-0.01,0.97,0.73,1.40,0.49,34.78,-97.08,-54.90
632820,29.00,-0.63,1.93,-70.55,1013.25,600.00,-0.03,-0.01,0.97,0.67,1.40,0.55,34.35,-97.33,-56.62
632871,29.00,-0.61,1.96,-70.53,1013.25,600.00,-0.03,-0.01,0.97,0.67,1.34,0.67,34.33,-97.11,-56.48
632922,29.00,-0.63,1.95,-70.28,1013.25,600.00,-0.03,-0.01,0.97,0.73,1.28,0.49,34.97,-97.49,-54.86
632973,29.00,-0.63,1.98,-70.47,1013.25,600.00,-0.03,-0.01,0.97,0.85,1.40,0.49,34.51,-97.33,-55.93
633024,29.00,-0.63,1.93,-70.80,1013.25,600.00,-0.03,-0.01,0.97,0.67,1.40,0.55,34.01,-97.74,-56.62
633075,29.00,-0.62,1.92,-70.53,1013.25,600.00,-0.03,-0.01,0.97,0.79,1.65,0.43,34.70,-98.07,-58.12
633126,29.00,-0.61,1.96,-70.51,1013.25,600.00,-0.03,-0.01,0.97,0.67,1.46,0.37,34.56,-97.62,-57.25
633177,29.00,-0.56,2.03,-70.67,1013.25,600.00,-0.03,-0.01,0.97,0.85,1.46,0.43,34.48,-98.38,-56.24
633228,29.00,-0.60,1.86,-70.75,1013.25,600.00,-0.03,-0.01,0.97,0.67,1.40,0.49,34.29,-98.22,-56.36
633279,29.00,-0.67,1.94,-70.49,1013.25,600.00,-0.03,-0.01,0.97,0.73,1.46,0.49,34.66,-97.72,-57.04
633330,29.00,-0.63,1.95,-70.78,1013.25,600.00,-0.03,-0.01,0.97,0.73,1.46,0.37,34.30,-98.51,-56.59
633381,29.00,-0.60,1.93,-70.50,1013.25,600.00,-0.03,-0.01,0.97,0.73,1.46,0.49,34.89,-98.46,-58.17
633432,29.00,-0.64,1.96,-70.31,1013.25,600.00,-0.03,-0.01,0.97,0.79,1.28,0.55,35.10,-98.01,-58.59
633482,29.00,-0.60,1.99,-70.67,1013.25,600.00,-0.03,-0.01,0.97,0.85,1.65,0.43,34.35,-98.05,-57.36
633533,29.00,-0.60,1.88,-70.40,1013.25,600.00,-0.03,-0.01,0.97,0.98,1.46,0.61,34.94,-98.06,-57.06
633584,29.00,-0.62,1.94,-70.47,1013.25,600.00,-0.03,-0.01,0.97,0.73,1.46,0.67,34.81,-98.18,-57.45
633635,29.00,-0.64,1.94,-70.53,1013.25,600.00,-0.03,-0.01,0.97,0.67,1.34,0.49,34.74,-98.28,-57.87
633686,29.00,-0.60,1.98,-70.35,1013.25,600.00,-0.03,-0.01,0.97,0.92,1.46,0.67,35.16,-98.44,-58.08
633737,29.00,-0.64,1.93,-70.76,1013.25,600.00,-0.03,-0.01,0.97,0.73,1.53,0.49,34.33,-98.49,-58.02
633788,29.00,-0.64,1.98,-70.65,1013.25,600.00,-0.03,-0.01,0.97,0.92,1.59,0.49,34.58,-98.44,-56.43
633839,29.00,-0.64,1.95,-70.99,1013.25,600.00,-0.03,-0.01,0.97,0.98,1.34,0.55,33.44,-97.13,-56.51
633890,29.00,-0.63,2.00,-70.83,1013.25,600.00,-0.03,-0.01,0.97,1.04,1.46,0.55,33.64,-96.74,-56.63
633941,29.00,-0.65,1.95,-70.91,1013.25,600.00,-0.03,-0.01,0.97,0.85,1.28,0.55,33.62,-97.19,-55.94
633992,29.00,-0.61,1.88,-71.14,1013.25,600.00,-0.03,-0.01,0.97,0.92,1.40,0.49,33.34,-97.67,-56.63
634043,29.00,-0.64,1.90,-70.89,1013.25,600.00,-0.03,-0.01,0.97,0.79,1.59,0.55,34.06,-98.25,-56.76
634094,29.00,-0.66,2.02,-70.82,1013.25,600.00,-0.03,-0.01,0.97,0.98,1.65,0.49,34.01,-97.75,-56.80
634143,29.00,-0.65,1.94,-70.99,1013.25,600.00,-0.03,-0.01,0.97,0.85,1.59,0.55,34.01,-98.74,-58.09
634194,29.00,-0.62,1.97,-70.95,1013.25,600.00,-0.03,-0.01,0.97,0.92,1.46,0.49,33.78,-97.79,-57.90
634245,29.00,-0.57,1.96,-70.90,1013.25,600.00,-0.03,-0.01,0.97,0.85,1.34,0.55,33.94,-97.97,-58.03
634296,29.00,-0.59,1.92,-70.55,1013.25,600.00,-0.03,-0.01,0.97,0.92,1.46,0.61,34.44,-97.42,-58.14
634347,29.00,-0.56,1.94,-70.66,1013.25,600.00,-0.03,-0.01,0.97,0.85,1.53,0.55,34.19,-97.46,-56.71
634398,29.00,-0.63,1.95,-70.72,1013.25,600.00,-0.03,-0.01,0.97,0.85,1.34,0.49,34.24,-97.89,-56.35
634447,29.00,-0.61,1.91,-70.86,1013.25,600.00,-0.03,-0.01,0.97,0.85,1.40,0.55,34.06,-98.21,-57.09
634498,29.00,-0.60,1.95,-70.87,1013.25,600.00,-0.03,-0.01,0.97,1.04,1.40,0.61,34.06,-98.22,-57.15
634549,29.00,-0.59,1.96,-70.97,1013.25,600.00,-0.03,-0.01,0.97,0.85,1.46,0.61,33.78,-97.96,-57.62
634600,29.00,-0.61,1.94,-70.95,1013.25,600.00,-0.03,-0.01,0.97,0.98,1.59,0.61,33.86,-98.06,-58.40
634651,29.00,-0.62,1.96,-70.97,1013.25,600.00,-0.03,-0.01,0.97,0.85,1.46,0.55,33.95,-98.43,-58.13
634701,29.00,-0.60,1.92,-70.79,1013.25,600.00,-0.03,-0.01,0.97,0.92,1.59,0.55,34.20,-98.13,-58.07
634752,29.00,-0.62,1.94,-70.70,1013.25,600.00,-0.03,-0.01,0.97,0.92,1.46,0.49,34.45,-98.38,-57.65
634803,29.00,-0.62,1.94,-70.87,1013.25,600.00,-0.03,-0.01,0.97,0.85,1.59,0.61,34.16,-98.50,-57.47
634854,29.00,-0.60,1.94,-70.69,1013.25,600.00,-0.03,-0.01,0.97,0.92,1.40,0.61,34.27,-97.75,-57.36
634904,29.00,-0.63,1.94,-70.90,1013.25,600.00,-0.03,-0.01,0.97,0.73,1.40,0.49,34.01,-98.30,-56.97
634955,29.00,-0.65,1.93,-70.76,1013.25,600.00,-0.03,-0.01,0.97,0.79,1.59,0.55,33.96,-97.25,-56.26
635006,29.00,-0.64,1.96,-70.82,1013.25,600.00,-0.03,-0.01,0.97,0.67,1.53,0.55,33.95,-97.61,-56.10
635057,29.00,-0.66,1.91,-70.92,1013.25,600.00,-0.03,-0.01,0.97,0.79,1.53,0.31,33.65,-97.31,-56.15
635108,29.00,-0.65,1.94,-70.87,1013.25,600.00,-0.03,-0.01,0.97,0.73,1.46,0.43,33.91,-97.78,-56.46
635159,29.00,-0.66,1.94,-70.75,1013.25,600.00,-0.03,-0.01,0.97,0.85,1.53,0.43,34.25,-98.06,-55.93
635210,29.00,-0.67,1.91,-70.66,1013.25,600.00,-0.03,-0.01,0.97,0.79,1.46,0.61,34.55,-98.43,-57.28
635261,29.00,-0.63,1.94,-71.01,1013.25,600.00,-0.03,-0.01,0.97,1.04,1.59,0.49,33.70,-98.05,-57.20
635311,29.00,-0.62,1.98,-71.11,1013.25,600.00,-0.03,-0.01,0.97,0.92,1.53,0.43,33.65,-98.38,-57.80
635362,29.00,-0.67,1.99,-71.02,1013.25,600.00,-0.03,-0.01,0.97,0.92,1.40,0.43,33.73,-98.06,-58.50
635412,29.00,-0.58,1.95,-70.91,1013.25,600.00,-0.03,-0.01,0.97,0.92,1.53,0.61,33.95,-98.05,-57.21
635463,29.00,-0.61,1.97,-70.98,1013.25,600.00,-0.03,-0.01,0.97,0.85,1.46,0.61,33.90,-98.39,-56.98
635513,29.00,-0.65,1.94,-71.19,1013.25,600.00,-0.03,-0.01,0.97,0.85,1.40,0.43,33.39,-98.10,-56.57
635564,29.00,-0.67,1.96,-70.86,1013.25,600.00,-0.03,-0.01,0.97,0.79,1.53,0.43,33.92,-97.68,-57.01
635613,29.00,-0.61,1.98,-71.06,1013.25,600.00,-0.03,-0.01,0.97,0.79,1.53,0.55,33.45,-97.55,-57.65
635664,29.00,-0.58,2.02,-71.05,1013.25,600.00,-0.03,-0.01,0.97,0.85,1.28,0.67,33.67,-98.05,-56.88
635715,29.00,-0.66,1.99,-71.13,1013.25,600.00,-0.03,-0.01,0.97,0.73,1.46,0.43,33.56,-98.22,-57.04
635766,29.00,-0.61,1.93,-71.03,1013.25,600.00,-0.03,-0.01,0.97,0.92,1.46,0.49,33.87,-98.54,-57.08
635817,29.00,-0.64,1.91,-70.99,1013.25,600.00,-0.03,-0.01,0.97,0.85,1.40,0.31,33.92,-98.44,-57.97
635868,29.00,-0.59,1.96,-70.96,1013.25,600.00,-0.03,-0.01,0.97,0.92,1.53,0.61,33.84,-98.07,-56.98
635919,29.00,-0.60,1.95,-71.14,1013.25,600.00,-0.03,-0.01,0.97,0.85,1.46,0.37,33.65,-98.60,-56.96
635970,29.00,-0.65,1.97,-71.21,1013.25,600.00,-0.03,-0.01,0.97,0.73,1.40,0.55,33.41,-98.21,-56.60
636021,29.00,-0.67,1.94,-70.99,1013.25,600.00,-0.03,-0.01,0.97,0.73,1.65,0.55,33.50,-97.18,-56.19
636070,29.00,-0.63,1.97,-70.83,1013.25,600.00,-0.03,-0.01,0.97,0.92,1.40,0.49,33.89,-97.44,-56.35
636121,29.00,-0.58,1.97,-70.88,1013.25,600.00,-0.03,-0.01,0.97,0.98,1.28,0.49,33.85,-97.67,-56.93
636171,29.00,-0.60,1.93,-70.77,1013.25,600.00,-0.03,-0.01,0.97,0.73,1.34,0.49,34.06,-97.63,-55.69
636222,29.00,-0.63,1.95,-70.85,1013.25,600.00,-0.03,-0.01,0.97,0.92,1.46,0.61,33.98,-97.91,-56.88
636273,29.00,-0.64,1.94,-70.93,1013.25,600.00,-0.03,-0.01,0.97,0.92,1.46,0.67,33.75,-97.67,-57.36
636374,29.00,-0.69,2.05,-70.98,1013.25,600.00,-0.03,-0.01,0.97,0.79,1.46,0.55,33.62,-97.58,-56.69
636476,29.00,-0.57,2.00,-70.86,1013.25,600.00,-0.03,-0.01,0.97,0.98,1.59,0.67,33.97,-97.89,-58.03
636578,29.00,-0.63,1.92,-70.73,1013.25,600.00,-0.03,-0.01,0.97,0.92,1.34,0.61,34.13,-97.60,-57.06
