Timestamp,Voltage
5240770,0.0000
5240772,0.0000
5240773,0.0000
5240775,0.0000
5240777,0.0000
5240779,0.0000
5240781,0.0000
5240782,0.0000
5240784,0.0000
5240786,0.0000
5240803,0.0000
5240804,0.0000
5240806,0.0000
5240808,0.0000
5240810,0.0000
5240812,0.0000
5240813,0.0000
5240815,0.0000
5240817,0.0000
5240819,0.0000
5240821,0.0000
5240823,0.0000
5240824,0.0000
5240826,0.0000
5240828,0.0000
5240830,0.0000
5240832,0.0000
5240834,0.0000
5240835,0.0000
5240837,0.0000
5240854,0.0000
5240856,0.0000
5240857,0.0000
5240859,0.0000
5240861,0.0000
5240863,0.0000
5240865,0.0000
5240866,0.0000
5240868,0.0000
5240870,0.0000
5240872,0.0000
5240874,0.0000
5240876,0.0000
5240877,0.0000
5240879,0.0000
5240881,0.0000
5240883,0.0000
5240885,0.0000
5240886,0.0000
5240888,0.0000
5240905,0.0000
5240907,0.0000
5240909,0.0000
5240910,0.0000
5240912,0.0000
5240914,0.0000
5240916,0.0000
5240918,0.0000
5240919,0.0000
5240921,0.0000
5240923,0.0000
5240925,0.0000
5240927,0.0000
5240929,0.0000
5240930,0.0000
5240932,0.0000
5240934,0.0000
5240936,0.0000
5240938,0.0000
5240939,0.0000
5240956,0.0000
5240958,0.0000
5240960,0.0000
5240961,0.0000
5240963,0.0000
5240965,0.0000
5240967,0.0000
5240969,0.0000
5240971,0.0000
5240972,0.0000
5240974,0.0000
5240976,0.0000
5240978,0.0000
5240980,0.0000
5240981,0.0000
5240983,0.0000
5240985,0.0000
5240987,0.0000
5240989,0.0000
5241005,0.0000
5241007,0.0000
5241009,0.0000
5241011,0.0000
5241013,0.0000
5241014,0.0000
5241016,0.0000
5241018,0.0000
5241020,0.0000
5241022,0.0000
5241024,0.0000
5241025,0.0000
5241027,0.0000
5241029,0.0000
5241031,0.0000
5241033,0.0000
5241034,0.0000
5241036,0.0000
5241038,0.0000
5241040,0.0000
5241057,0.0000
5241058,0.0000
5241060,0.0000
5241062,0.0000
5241064,0.0000
5241066,0.0000
5241068,0.0000
5241069,0.0000
5241071,0.0000
5241073,0.0000
5241075,0.0000
5241077,0.0000
5241078,0.0000
5241080,0.0000
5241082,0.0000
5241084,0.0000
5241086,0.0000
5241087,0.0000
5241089,0.0000
5241091,0.0000
5241108,0.0000
5241110,0.0000
5241111,0.0000
5241113,0.0000
5241115,0.0000
5241117,0.0000
5241119,0.0000
5241120,0.0000
5241122,0.0000
5241124,0.0000
5241126,0.0000
5241128,0.0000
5241130,0.0000
5241131,0.0000
5241133,0.0000
5241135,0.0000
5241137,0.0000
5241139,0.0000
5241141,0.0000
5241142,0.0000
5241159,0.0000
5241161,0.0000
5241163,0.0000
5241164,0.0000
5241166,0.0000
5241168,0.0000
5241170,0.0000
5241172,0.0000
5241174,0.0000
5241175,0.0000
5241177,0.0000
5241179,0.0000
5241181,0.0000
5241183,0.0000
5241184,0.0000
5241186,0.0000
5241188,0.0000
5241190,0.0000
5241192,0.0000
5241193,0.0000
5241210,0.0000
5241212,0.0000
5241214,0.0000
5241216,0.0000
5241217,0.0000
5241219,0.0000
5241221,0.0000
5241223,0.0000
5241225,0.0000
5241227,0.0000
5241228,0.0000
5241230,0.0000
5241232,0.0000
5241234,0.0000
5241236,0.0000
5241237,0.0000
5241239,0.0000
5241241,0.0000
5241243,0.0000
5241260,0.0000
5241261,0.0000
5241263,0.0000
5241265,0.0000
5241267,0.0000
5241269,0.0016
5241270,0.0000
5241272,0.0016
5241274,0.0000
5241276,0.0000
5241278,0.0000
5241280,0.0000
5241282,0.0000
5241283,0.0000
5241285,0.0000
5241287,0.0000
5241289,0.0000
5241291,0.0000
5241292,0.0000
5241294,0.0000
5241311,0.0000
5241313,0.0000
5241314,0.0000
5241316,0.0000
5241318,0.0000
5241320,0.0000
5241322,0.0000
5241324,0.0000
5241325,0.0000
5241327,0.0000
5241329,0.0000
5241331,0.0000
5241333,0.0000
5241334,0.0000
5241336,0.0000
5241338,0.0000
5241340,0.0000
5241342,0.0000
5241344,0.0000
5241345,0.0000
5241362,0.0000
5241364,0.0000
5241366,0.0000
5241368,0.0000
5241369,0.0000
5241371,0.0000
5241373,0.0000
5241375,0.0000
5241377,0.0000
5241378,0.0000
5241380,0.0000
5241382,0.0000
5241384,0.0000
5241386,0.0000
5241388,0.0000
5241389,0.0000
5241391,0.0000
5241393,0.0000
5241395,0.0000
5241397,0.0000
5241413,0.0000
5241415,0.0000
5241417,0.0000
5241419,0.0000
5241420,0.0000
5241422,0.0000
5241424,0.0000
5241426,0.0000
5241428,0.0000
5241430,0.0000
5241431,0.0000
5241433,0.0000
5241435,0.0000
5241437,0.0000
5241439,0.0000
5241440,0.0016
5241442,0.0000
5241444,0.0000
5241446,0.0000
5241463,0.0000
5241465,0.0000
5241466,0.0000
5241468,0.0000
5241470,0.0000
5241472,0.0000
5241474,0.0016
5241475,0.0000
5241477,0.0000
5241479,0.0000
5241481,0.0000
5241483,0.0000
5241484,0.0000
5241486,0.0000
5241488,0.0000
5241490,0.0000
5241492,0.0000
5241493,0.0000
5241495,0.0000
5241497,0.0000
5241514,0.0000
5241516,0.0000
5241517,0.0000
5241519,0.0000
5241521,0.0000
5241523,0.0000
5241525,0.0016
5241527,0.0000
5241528,0.0000
5241530,0.0000
5241532,0.0000
5241534,0.0000
5241536,0.0000
5241538,0.0000
5241539,0.0000
5241541,0.0000
5241543,0.0000
5241545,0.0000
5241547,0.0000
5241548,0.0000
5241565,0.0000
5241567,0.0000
5241569,0.0000
5241571,0.0000
5241572,0.0000
5241574,0.0000
5241576,0.0000
5241578,0.0000
5241580,0.0000
5241582,0.0000
5241583,0.0000
5241585,0.0000
5241587,0.0000
5241589,0.0000
5241591,0.0000
5241592,0.0000
5241594,0.0000
5241596,0.0000
5241598,0.0000
5241615,0.0000
5241616,0.0000
5241618,0.0000
5241620,0.0000
5241622,0.0000
5241624,0.0000
5241625,0.0000
5241627,0.0000
5241629,0.0000
5241631,0.0000
5241633,0.0000
5241635,0.0000
5241636,0.0000
5241638,0.0000
5241640,0.0000
5241642,0.0000
5241644,0.0000
5241645,0.0000
5241647,0.0000
5241649,0.0000
5241666,0.0000
5241667,0.0000
5241669,0.0016
5241671,0.0000
5241673,0.0000
5241675,0.0000
5241677,0.0000
5241679,0.0000
5241680,0.0000
5241682,0.0000
5241684,0.0000
5241686,0.0000
5241688,0.0000
5241689,0.0000
5241691,0.0000
5241693,0.0000
5241695,0.0000
5241697,0.0000
5241699,0.0000
5241700,0.0000
5241717,0.0000
5241719,0.0000
5241721,0.0000
5241723,0.0000
5241724,0.0000
5241726,0.0000
5241728,0.0000
5241730,0.0000
5241732,0.0000
5241733,0.0000
5241735,0.0000
5241737,0.0000
5241739,0.0000
5241741,0.0000
5241743,0.0000
5241744,0.0000
5241746,0.0000
5241748,0.0000
5241750,0.0000
5241766,0.0000
5241768,0.0000
5241770,0.0000
5241772,0.0000
5241774,0.0000
5241776,0.0000
5241777,0.0000
5241779,0.0000
5241781,0.0000
5241783,0.0000
5241785,0.0000
5241787,0.0000
5241788,0.0000
5241790,0.0000
5241792,0.0000
5241794,0.0000
5241796,0.0000
5241797,0.0000
5241799,0.0000
5241801,0.0000
5241818,0.0000
5241819,0.0000
5241821,0.0000
5241823,0.0000
5241825,0.0000
5241827,0.0000
5241828,0.0000
5241830,0.0000
5241832,0.0000
5241834,0.0000
5241836,0.0000
5241838,0.0000
5241839,0.0000
5241841,0.0000
5241843,0.0000
5241845,0.0000
5241847,0.0000
5241848,0.0000
5241850,0.0000
5241852,0.0000
5241869,0.0000
5241871,0.0000
5241872,0.0000
5241874,0.0016
5241876,0.0000
5241878,0.0000
5241880,0.0000
5241882,0.0000
5241883,0.0000
5241885,0.0000
5241887,0.0000
5241889,0.0000
5241890,0.0000
5241892,0.0000
5241894,0.0000
5241896,0.0000
5241898,0.0000
5241900,0.0000
5241901,0.0000
5241903,0.0000
5241920,0.0000
5241922,0.0000
5241924,0.0000
5241925,0.0000
5241927,0.0000
5241929,0.0000
5241931,0.0000
5241933,0.0000
5241934,0.0000
5241936,0.0000
5241938,0.0000
5241940,0.0000
5241942,0.0000
5241943,0.0000
5241945,0.0000
5241947,0.0000
5241949,0.0000
5241951,0.0000
5241953,0.0000
5241954,0.0000
5241971,0.0000
5241973,0.0000
5241975,0.0000
5241976,0.0000
5241978,0.0000
5241980,0.0000
5241982,0.0000
5241984,0.0000
5241985,0.0000
5241987,0.0000
5241989,0.0000
5241991,0.0000
5241993,0.0000
5241995,0.0000
5241996,0.0000
5241998,0.0000
5242000,0.0000
5242002,0.0000
5242004,0.0000
5242020,0.0000
5242022,0.0000
5242024,0.0000
5242026,0.0000
5242028,0.0000
5242030,0.0000
5242031,0.0000
5242033,0.0000
5242035,0.0000
5242037,0.0000
5242039,0.0000
5242040,0.0000
5242042,0.0000
5242044,0.0000
5242046,0.0000
5242048,0.0000
5242050,0.0000
5242051,0.0000
5242053,0.0000
5242055,0.0000
5242072,0.0000
5242074,0.0000
5242075,0.0000
5242077,0.0000
5242079,0.0000
5242081,0.0000
5242083,0.0000
5242084,0.0000
5242086,0.0000
5242088,0.0000
5242090,0.0000
5242092,0.0000
5242093,0.0000
5242095,0.0000
5242097,0.0000
5242099,0.0000
5242101,0.0000
5242103,0.0000
5242104,0.0000
5242106,0.0000
5242123,0.0000
5242125,0.0000
5242127,0.0000
5242128,0.0000
5242130,0.0000
5242132,0.0000
5242134,0.0000
5242136,0.0000
5242138,0.0000
5242139,0.0000
5242141,0.0000
5242143,0.0000
5242145,0.0000
5242147,0.0000
5242148,0.0000
5242150,0.0000
5242152,0.0000
5242154,0.0000
5242156,0.0000
5242172,0.0000
5242174,0.0000
5242176,0.0000
5242178,0.0000
5242180,0.0000
5242181,0.0000
5242183,0.0000
5242185,0.0000
5242187,0.0000
5242189,0.0000
5242191,0.0000
5242192,0.0000
5242194,0.0000
5242196,0.0000
5242198,0.0000
5242200,0.0000
5242201,0.0000
5242203,0.0000
5242205,0.0000
5242207,0.0000
5242224,0.0000
5242225,0.0000
5242227,0.0000
5242229,0.0000
5242231,0.0000
5242233,0.0000
5242235,0.0000
5242236,0.0000
5242238,0.0000
5242240,0.0000
5242242,0.0000
5242244,0.0000
5242245,0.0000
5242247,0.0000
5242249,0.0000
5242251,0.0000
5242253,0.0000
5242255,0.0000
5242256,0.0000
5242258,0.0000
5242275,0.0000
5242277,0.0000
5242279,0.0000
5242280,0.0000
5242282,0.0000
5242284,0.0000
5242286,0.0000
5242288,0.0000
5242289,0.0000
5242291,0.0000
5242293,0.0000
5242295,0.0000
5242297,0.0000
5242299,0.0000
5242300,0.0000
5242302,0.0000
5242304,0.0000
5242306,0.0000
5242308,0.0000
5242310,0.0000
5242326,0.0000
5242328,0.0000
5242330,0.0000
5242332,0.0000
5242334,0.0000
5242335,0.0000
5242337,0.0000
5242339,0.0000
5242341,0.0000
5242343,0.0000
5242344,0.0000
5242346,0.0000
5242348,0.0000
5242350,0.0000
5242352,0.0000
5242354,0.0000
5242355,0.0000
5242357,0.0000
5242359,0.0000
5242363,0.0000
5242364,0.0000
5242366,0.0000
5242368,0.0000
5242370,0.0000
5242372,0.0000
5242373,0.0000
5242375,0.0000
5242377,0.0000
5242379,0.0000
5242381,0.0000
5242382,0.0000
5242384,0.0000
5242386,0.0000
5242388,0.0000
5242390,0.0000
5242392,0.0000
5242393,0.0000
5242395,0.0000
5242397,0.0000
5242399,0.0000
5242401,0.0000
5242402,0.0000
5242404,0.0000
5242406,0.0000
5242408,0.0000
5242410,0.0000
5242427,0.0000
5242428,0.0000
5242430,0.0000
5242432,0.0000
5242434,0.0000
5242436,0.0000
5242437,0.0000
5242439,0.0000
5242441,0.0000
5242443,0.0000
5242445,0.0000
5242447,0.0000
5242448,0.0000
5242450,0.0000
5242452,0.0000
5242454,0.0000
5242456,0.0000
5242458,0.0000
5242459,0.0000
5242461,0.0000
5242465,0.0000
5242467,0.0000
5242468,0.0000
5242470,0.0000
5242472,0.0000
5242474,0.0000
5242476,0.0000
5242477,0.0000
5242479,0.0000
5242481,0.0016
5242483,0.0000
5242485,0.0000
5242487,0.0000
5242488,0.0000
5242490,0.0000
5242492,0.0000
5242494,0.0000
5242496,0.0000
5242498,0.0000
5242499,0.0000
5242501,0.0000
5242503,0.0000
5242505,0.0000
5242507,0.0000
5242509,0.0000
5242510,0.0000
5242512,0.0000
5242529,0.0000
5242530,0.0000
5242532,0.0000
5242534,0.0000
5242536,0.0000
5242538,0.0000
5242540,0.0000
5242541,0.0016
5242543,0.0000
5242545,0.0000
5242547,0.0000
5242549,0.0000
5242551,0.0000
5242552,0.0000
5242554,0.0000
5242556,0.0000
5242558,0.0000
5242560,0.0000
5242561,0.0000
5242563,0.0000
5242567,0.0000
5242569,0.0000
5242570,0.0000
5242572,0.0000
5242574,0.0000
5242576,0.0000
5242578,0.0000
5242579,0.0000
5242581,0.0000
5242583,0.0000
5242585,0.0016
5242587,0.0000
5242589,0.0000
5242590,0.0000
5242592,0.0000
5242594,0.0000
5242596,0.0000
5242598,0.0000
5242600,0.0000
5242601,0.0000
5242603,0.0000
5242605,0.0000
5242607,0.0000
5242609,0.0000
5242611,0.0000
5242612,0.0000
5242614,0.0000
5242631,0.0016
5242633,0.0000
5242634,0.0000
5242636,0.0000
5242638,0.0000
5242640,0.0000
5242642,0.0000
5242644,0.0000
5242645,0.0000
5242647,0.0000
5242649,0.0000
5242651,0.0000
5242653,0.0000
5242654,0.0000
5242656,0.0016
5242658,0.0000
5242660,0.0000
5242662,0.0000
5242664,0.0000
5242665,0.0000
5242669,0.0000
5242671,0.0000
5242673,0.0000
5242674,0.0000
5242676,0.0000
5242678,0.0000
5242680,0.0000
5242682,0.0000
5242683,0.0000
5242685,0.0000
5242687,0.0000
5242689,0.0000
5242691,0.0000
5242692,0.0000
5242694,0.0000
5242696,0.0000
5242698,0.0000
5242700,0.0016
5242701,0.0000
5242703,0.0000
5242705,0.0000
5242707,0.0000
5242709,0.0000
5242710,0.0000
5242712,0.0000
5242714,0.0000
5242716,0.0000
5242733,0.0000
5242734,0.0000
5242736,0.0000
5242738,0.0000
5242740,0.0000
5242742,0.0000
5242744,0.0000
5242745,0.0000
5242747,0.0000
5242749,0.0000
5242751,0.0000
5242753,0.0000
5242754,0.0000
5242756,0.0000
5242758,0.0000
5242760,0.0000
5242762,0.0000
5242764,0.0000
5242765,0.0000
5242767,0.0000
5242771,0.0000
5242773,0.0000
5242774,0.0000
5242776,0.0000
5242778,0.0000
5242780,0.0000
5242782,0.0000
5242783,0.0000
5242785,0.0000
5242787,0.0000
5242789,0.0000
5242791,0.0000
5242793,0.0000
5242794,0.0000
5242796,0.0000
5242798,0.0000
5242800,0.0000
5242801,0.0000
5242803,0.0000
5242805,0.0000
5242807,0.0000
5242809,0.0000
5242811,0.0000
5242812,0.0000
5242814,0.0000
5242816,0.0000
5242818,0.0000
5242835,0.0000
5242836,0.0000
5242838,0.0000
5242840,0.0000
5242842,0.0000
5242844,0.0000
5242845,0.0000
5242847,0.0016
5242849,0.0000
5242851,0.0000
5242853,0.0000
5242855,0.0000
5242856,0.0000
5242858,0.0000
5242860,0.0000
5242862,0.0000
5242864,0.0000
5242865,0.0000
5242867,0.0000
5242869,0.0000
5242873,0.0000
5242874,0.0000
5242876,0.0000
5242878,0.0000
5242880,0.0000
5242882,0.0000
5242883,0.0000
5242885,0.0000
5242887,0.0000
5242889,0.0000
5242891,0.0000
5242893,0.0000
5242894,0.0000
5242896,0.0000
5242898,0.0000
5242900,0.0000
5242902,0.0000
5242903,0.0000
5242905,0.0000
5242907,0.0000
5242909,0.0000
5242911,0.0000
5242913,0.0000
5242914,0.0000
5242916,0.0000
5242918,0.0000
5242920,0.0000
5242936,0.0000
5242938,0.0000
5242940,0.0000
5242942,0.0000
5242944,0.0000
5242946,0.0000
5242947,0.0000
5242949,0.0000
5242951,0.0000
5242953,0.0000
5242955,0.0000
5242956,0.0000
5242958,0.0000
5242960,0.0000
5242962,0.0000
5242964,0.0000
5242966,0.0000
5242967,0.0000
5242969,0.0000
5242971,0.0000
5242975,0.0000
5242976,0.0000
5242978,0.0000
5242980,0.0000
5242982,0.0000
5242984,0.0000
5242985,0.0000
5242987,0.0016
5242989,0.0000
5242991,0.0000
5242993,0.0000
5242994,0.0000
5242996,0.0000
5242998,0.0000
5243000,0.0000
5243002,0.0000
5243004,0.0000
5243005,0.0000
5243007,0.0000
5243009,0.0000
5243011,0.0000
5243013,0.0000
5243014,0.0000
5243016,0.0000
5243018,0.0000
5243020,0.0016
5243022,0.0000
5243038,0.0000
5243040,0.0000
5243042,0.0000
5243044,0.0000
5243046,0.0000
5243048,0.0000
5243049,0.0000
5243051,0.0000
5243053,0.0000
5243055,0.0000
5243057,0.0000
5243058,0.0000
5243060,0.0000
5243062,0.0000
5243064,0.0000
5243066,0.0000
5243068,0.0000
5243069,0.0000
5243071,0.0000
5243073,0.0000
5243077,0.0000
5243078,0.0000
5243080,0.0000
5243082,0.0000
5243084,0.0000
5243086,0.0000
5243087,0.0000
5243089,0.0000
5243091,0.0000
5243093,0.0000
5243095,0.0000
5243096,0.0000
5243098,0.0000
5243100,0.0000
5243102,0.0000
5243104,0.0000
5243106,0.0000
5243107,0.0000
5243109,0.0000
5243111,0.0000
5243113,0.0000
5243115,0.0000
5243116,0.0000
5243118,0.0000
5243120,0.0000
5243122,0.0000
5243124,0.0000
5243140,0.0000
5243142,0.0000
5243144,0.0000
5243146,0.0000
5243148,0.0000
5243149,0.0000
5243151,0.0000
5243153,0.0000
5243155,0.0000
5243157,0.0000
5243159,0.0000
5243160,0.0000
5243162,0.0000
5243164,0.0000
5243166,0.0000
5243168,0.0000
5243169,0.0000
5243171,0.0000
5243173,0.0000
5243175,0.0000
5243191,0.0000
5243193,0.0000
5243195,0.0000
5243197,0.0000
5243199,0.0000
5243201,0.0000
5243202,0.0000
5243204,0.0000
5243206,0.0000
5243208,0.0000
5243210,0.0000
5243211,0.0000
5243213,0.0000
5243215,0.0000
5243217,0.0000
5243219,0.0000
5243221,0.0000
5243222,0.0000
5243224,0.0000
5243226,0.0000
5243243,0.0000
5243245,0.0000
5243246,0.0000
5243248,0.0000
5243250,0.0000
5243252,0.0000
5243254,0.0000
5243255,0.0000
5243257,0.0000
5243259,0.0000
5243261,0.0000
5243263,0.0000
5243265,0.0000
5243266,0.0000
5243268,0.0000
5243270,0.0000
5243272,0.0000
5243274,0.0000
5243275,0.0000
5243277,0.0000
5243294,0.0000
5243296,0.0000
5243297,0.0000
5243299,0.0000
5243301,0.0000
5243303,0.0000
5243305,0.0000
5243307,0.0000
5243308,0.0000
5243310,0.0000
5243312,0.0000
5243314,0.0000
5243316,0.0000
5243317,0.0000
5243319,0.0000
5243321,0.0000
5243323,0.0000
5243325,0.0000
5243327,0.0000
5243328,0.0000
5243345,0.0000
5243347,0.0000
5243349,0.0000
5243351,0.0000
5243352,0.0000
5243354,0.0000
5243356,0.0000
5243358,0.0000
5243360,0.0000
5243362,0.0000
5243363,0.0000
5243365,0.0000
5243367,0.0000
5243369,0.0000
5243371,0.0000
5243372,0.0000
5243374,0.0000
5243376,0.0000
5243378,0.0000
5243395,0.0000
5243396,0.0000
5243398,0.0000
5243400,0.0000
5243402,0.0000
5243404,0.0000
5243406,0.0000
5243407,0.0000
5243409,0.0000
5243411,0.0000
5243413,0.0000
5243415,0.0000
5243417,0.0000
5243418,0.0000
5243420,0.0000
5243422,0.0000
5243424,0.0000
5243426,0.0000
5243428,0.0000
5243429,0.0000
5243446,0.0000
5243448,0.0000
5243450,0.0000
5243451,0.0000
5243453,0.0000
5243455,0.0000
5243457,0.0000
5243459,0.0000
5243461,0.0000
5243462,0.0000
5243464,0.0000
5243466,0.0000
5243468,0.0000
5243470,0.0000
5243472,0.0000
5243473,0.0000
5243475,0.0000
5243477,0.0000
5243479,0.0000
5243496,0.0000
5243498,0.0000
5243499,0.0000
5243501,0.0000
5243503,0.0000
5243505,0.0000
5243507,0.0000
5243509,0.0000
5243510,0.0000
5243512,0.0000
5243514,0.0000
5243516,0.0000
5243518,0.0000
5243520,0.0000
5243521,0.0000
5243523,0.0000
5243525,0.0000
5243527,0.0000
5243529,0.0000
5243530,0.0000
5243547,0.0000
5243549,0.0000
5243551,0.0000
5243553,0.0000
5243554,0.0000
5243556,0.0000
5243558,0.0000
5243560,0.0000
5243562,0.0000
5243563,0.0000
5243565,0.0000
5243567,0.0000
5243569,0.0016
5243571,0.0000
5243573,0.0000
5243574,0.0000
5243576,0.0000
5243578,0.0000
5243580,0.0000
5243597,0.0000
5243599,0.0000
5243600,0.0000
5243602,0.0000
5243604,0.0000
5243606,0.0000
5243608,0.0000
5243610,0.0000
5243611,0.0000
5243613,0.0000
5243615,0.0000
5243617,0.0000
5243619,0.0000
5243621,0.0000
5243622,0.0000
5243624,0.0000
5243626,0.0000
5243628,0.0000
5243630,0.0000
5243631,0.0000
5243648,0.0000
5243650,0.0000
5243652,0.0000
5243654,0.0000
5243656,0.0000
5243657,0.0000
5243659,0.0000
5243661,0.0000
5243663,0.0000
5243665,0.0000
5243667,0.0000
5243668,0.0000
5243670,0.0000
5243672,0.0000
5243674,0.0000
5243676,0.0000
5243677,0.0000
5243679,0.0000
5243681,0.0000
5243698,0.0000
5243700,0.0000
5243701,0.0000
5243703,0.0016
5243705,0.0000
5243707,0.0000
5243709,0.0000
5243711,0.0000
5243713,0.0000
5243714,0.0000
5243716,0.0000
5243718,0.0000
5243720,0.0000
5243722,0.0000
5243724,0.0000
5243725,0.0000
5243727,0.0000
5243729,0.0000
5243731,0.0000
5243748,0.0016
5243749,0.0000
5243751,0.0000
5243753,0.0000
5243755,0.0000
5243757,0.0000
5243759,0.0000
5243761,0.0000
5243762,0.0000
5243764,0.0000
5243766,0.0000
5243768,0.0000
5243770,0.0000
5243771,0.0000
5243773,0.0000
5243775,0.0000
5243777,0.0000
5243779,0.0000
5243781,0.0000
5243782,0.0000
5243799,0.0000
5243801,0.0000
5243803,0.0000
5243805,0.0000
5243806,0.0000
5243808,0.0000
5243810,0.0000
5243812,0.0000
5243814,0.0000
5243815,0.0000
5243817,0.0000
5243819,0.0000
5243821,0.0000
5243823,0.0000
5243825,0.0000
5243826,0.0000
5243828,0.0000
5243830,0.0000
5243832,0.0000
5243848,0.0000
5243850,0.0000
5243852,0.0000
5243854,0.0000
5243856,0.0000
5243858,0.0000
5243860,0.0000
5243861,0.0000
5243863,0.0000
5243865,0.0000
5243867,0.0000
5243869,0.0000
5243870,0.0000
5243872,0.0000
5243874,0.0000
5243876,0.0000
5243878,0.0000
5243880,0.0000
5243881,0.0000
5243883,0.0000
5243900,0.0000
5243902,0.0000
5243904,0.0000
5243905,0.0000
5243907,0.0000
5243909,0.0000
5243911,0.0000
5243913,0.0000
5243915,0.0000
5243916,0.0000
5243918,0.0000
5243920,0.0000
5243922,0.0000
5243924,0.0000
5243925,0.0000
5243927,0.0000
5243929,0.0000
5243931,0.0000
5243933,0.0000
5243935,0.0000
5243951,0.0000
5243953,0.0000
5243955,0.0000
5243956,0.0000
5243958,0.0000
5243960,0.0000
5243962,0.0000
5243964,0.0000
5243965,0.0000
5243967,0.0000
5243969,0.0000
5243971,0.0000
5243973,0.0000
5243975,0.0000
5243976,0.0000
5243978,0.0000
5243980,0.0000
5243982,0.0000
5243984,0.0000
5243985,0.0000
5244002,0.0000
5244004,0.0000
5244006,0.0000
5244007,0.0000
5244009,0.0000
5244011,0.0000
5244013,0.0000
5244015,0.0000
5244017,0.0000
5244019,0.0000
5244020,0.0000
5244022,0.0000
5244024,0.0000
5244026,0.0000
5244028,0.0000
5244030,0.0000
5244031,0.0000
5244033,0.0000
5244035,0.0000
5244052,0.0000
5244053,0.0000
5244055,0.0000
5244057,0.0000
5244059,0.0000
5244061,0.0000
5244062,0.0000
5244064,0.0000
5244066,0.0000
5244068,0.0000
5244070,0.0000
5244072,0.0000
5244073,0.0000
5244075,0.0000
5244077,0.0000
5244079,0.0000
5244081,0.0000
5244082,0.0000
5244084,0.0000
5244086,0.0000
5244103,0.0000
5244104,0.0000
5244106,0.0000
5244108,0.0000
5244110,0.0000
5244112,0.0000
5244114,0.0000
5244115,0.0000
5244117,0.0000
5244119,0.0000
5244121,0.0000
5244123,0.0000
5244124,0.0000
5244126,0.0000
5244128,0.0000
5244130,0.0000
5244132,0.0000
5244134,0.0000
5244136,0.0000
5244137,0.0000
5244154,0.0000
5244156,0.0000
5244158,0.0000
5244159,0.0000
5244161,0.0000
5244163,0.0000
5244165,0.0000
5244166,0.0000
5244168,0.0000
5244170,0.0000
5244172,0.0000
5244174,0.0000
5244176,0.0000
5244177,0.0000
5244179,0.0000
5244181,0.0000
5244183,0.0000
5244185,0.0000
5244186,0.0000
5244188,0.0000
5244205,0.0000
5244207,0.0000
5244209,0.0000
5244210,0.0000
5244212,0.0000
5244214,0.0000
5244216,0.0000
5244218,0.0000
5244219,0.0000
5244221,0.0000
5244223,0.0000
5244225,0.0000
5244227,0.0000
5244229,0.0000
5244230,0.0000
5244232,0.0000
5244234,0.0000
5244236,0.0000
5244238,0.0000
5244239,0.0000
5244256,0.0000
5244258,0.0000
5244260,0.0000
5244261,0.0000
5244263,0.0000
5244265,0.0000
5244267,0.0000
5244269,0.0000
5244271,0.0000
5244272,0.0000
5244274,0.0000
5244276,0.0000
5244278,0.0000
5244280,0.0000
5244281,0.0000
5244283,0.0000
5244285,0.0000
5244287,0.0000
5244289,0.0000
5244305,0.0000
5244307,0.0000
5244309,0.0000
5244311,0.0000
5244313,0.0000
5244315,0.0000
5244316,0.0000
5244318,0.0000
5244320,0.0000
5244322,0.0000
5244324,0.0000
5244325,0.0000
5244327,0.0000
5244329,0.0000
5244331,0.0000
5244333,0.0000
5244335,0.0000
5244336,0.0000
5244338,0.0000
5244340,0.0000
5244357,0.0000
5244358,0.0000
5244360,0.0000
5244362,0.0000
5244364,0.0000
5244366,0.0000
5244368,0.0000
5244369,0.0000
5244371,0.0000
5244373,0.0000
5244375,0.0000
5244377,0.0000
5244378,0.0000
5244380,0.0000
5244382,0.0000
5244384,0.0000
5244386,0.0000
5244387,0.0000
5244389,0.0000
5244391,0.0000
5244408,0.0000
5244410,0.0000
5244411,0.0000
5244413,0.0000
5244415,0.0000
5244417,0.0000
5244419,0.0000
5244421,0.0000
5244422,0.0000
5244424,0.0000
5244426,0.0000
5244428,0.0000
5244430,0.0000
5244431,0.0000
5244433,0.0000
5244435,0.0000
5244437,0.0000
5244439,0.0000
5244440,0.0000
5244442,0.0000
5244459,0.0000
5244461,0.0000
5244462,0.0000
5244464,0.0000
5244466,0.0000
5244468,0.0000
5244470,0.0000
5244472,0.0000
5244473,0.0000
5244475,0.0000
5244477,0.0000
5244479,0.0000
5244481,0.0000
5244482,0.0000
5244484,0.0000
5244486,0.0000
5244488,0.0000
5244490,0.0000
5244491,0.0000
5244493,0.0000
5244510,0.0000
5244512,0.0000
5244514,0.0000
5244515,0.0000
5244517,0.0000
5244519,0.0000
5244521,0.0000
5244523,0.0000
5244524,0.0000
5244526,0.0000
5244528,0.0000
5244530,0.0000
5244532,0.0000
5244534,0.0000
5244535,0.0000
5244537,0.0000
5244539,0.0000
5244541,0.0000
5244543,0.0000
5244544,0.0000
5244561,0.0000
5244563,0.0000
5244565,0.0000
5244567,0.0000
5244568,0.0000
5244570,0.0000
5244572,0.0000
5244574,0.0000
5244576,0.0000
5244577,0.0000
5244579,0.0000
5244581,0.0000
5244583,0.0000
5244585,0.0000
5244586,0.0000
5244588,0.0000
5244590,0.0000
5244592,0.0000
5244594,0.0000
5244610,0.0016
5244612,0.0000
5244614,0.0000
5244616,0.0000
5244618,0.0000
5244619,0.0000
5244621,0.0000
5244623,0.0000
5244625,0.0000
5244627,0.0000
5244629,0.0000
5244630,0.0000
5244632,0.0000
5244634,0.0000
5244636,0.0000
5244638,0.0000
5244639,0.0000
5244641,0.0000
5244643,0.0000
5244645,0.0000
5244662,0.0000
5244663,0.0000
5244665,0.0000
5244667,0.0016
5244669,0.0000
5244671,0.0000
5244673,0.0000
5244674,0.0000
5244676,0.0000
5244678,0.0000
5244680,0.0000
5244682,0.0000
5244683,0.0000
5244685,0.0000
5244687,0.0000
5244689,0.0000
5244691,0.0000
5244692,0.0000
5244694,0.0000
5244696,0.0000
5244713,0.0000
5244714,0.0000
5244716,0.0000
5244718,0.0000
5244720,0.0000
5244722,0.0000
5244724,0.0000
5244726,0.0000
5244727,0.0000
5244729,0.0000
5244731,0.0000
5244733,0.0000
5244735,0.0000
5244736,0.0000
5244738,0.0000
5244740,0.0000
5244742,0.0000
5244744,0.0000
5244746,0.0000
5244747,0.0000
5244764,0.0000
5244766,0.0000
5244768,0.0000
5244770,0.0000
5244771,0.0000
5244773,0.0000
5244775,0.0000
5244777,0.0000
5244779,0.0000
5244780,0.0000
5244782,0.0000
5244784,0.0000
5244786,0.0000
5244788,0.0000
5244790,0.0000
5244792,0.0000
5244793,0.0000
5244795,0.0000
5244797,0.0000
5244814,0.0000
5244815,0.0000
5244817,0.0000
5244819,0.0000
5244821,0.0000
5244823,0.0000
5244825,0.0000
5244826,0.0000
5244828,0.0000
5244830,0.0000
5244832,0.0000
5244834,0.0000
5244835,0.0000
5244837,0.0000
5244839,0.0016
5244841,0.0000
5244843,0.0000
5244845,0.0000
5244846,0.0000
5244848,0.0000
5244865,0.0000
5244867,0.0000
5244869,0.0000
5244870,0.0000
5244872,0.0000
5244874,0.0000
5244876,0.0000
5244878,0.0000
5244879,0.0000
5244881,0.0000
5244883,0.0000
5244885,0.0000
5244887,0.0000
5244889,0.0000
5244890,0.0000
5244892,0.0000
5244894,0.0000
5244896,0.0000
5244898,0.0000
5244899,0.0000
5244916,0.0000
5244918,0.0000
5244920,0.0000
5244922,0.0000
5244923,0.0000
5244925,0.0000
5244927,0.0000
5244929,0.0000
5244931,0.0000
5244932,0.0000
5244934,0.0000
5244936,0.0000
5244938,0.0000
5244940,0.0000
5244942,0.0000
5244943,0.0000
5244945,0.0000
5244947,0.0000
5244949,0.0000
5244966,0.0000
5244967,0.0000
5244969,0.0016
5244971,0.0000
5244973,0.0000
5244975,0.0000
5244977,0.0000
5244978,0.0000
5244980,0.0000
5244982,0.0000
5244984,0.0000
5244986,0.0000
5244988,0.0000
5244989,0.0000
5244991,0.0000
5244993,0.0000
5244995,0.0000
5244997,0.0000
5244998,0.0000
5245000,0.0000
5245017,0.0000
5245019,0.0000
5245021,0.0000
5245022,0.0000
5245024,0.0000
5245026,0.0000
5245028,0.0000
5245030,0.0000
5245031,0.0000
5245033,0.0016
5245035,0.0000
5245037,0.0000
5245039,0.0000
5245041,0.0000
5245042,0.0000
5245044,0.0000
5245046,0.0000
5245048,0.0000
5245050,0.0000
5245066,0.0000
5245068,0.0000
5245070,0.0000
5245072,0.0000
5245074,0.0000
5245075,0.0000
5245077,0.0000
5245079,0.0000
5245081,0.0000
5245083,0.0000
5245084,0.0000
5245086,0.0000
5245088,0.0000
5245090,0.0000
5245092,0.0000
5245094,0.0000
5245095,0.0000
5245097,0.0000
5245099,0.0000
5245101,0.0000
5245117,0.0016
5245119,0.0000
5245121,0.0000
5245123,0.0000
5245125,0.0000
5245127,0.0000
5245128,0.0000
5245130,0.0000
5245132,0.0000
5245134,0.0000
5245136,0.0000
5245138,0.0000
5245139,0.0000
5245141,0.0000
5245143,0.0000
5245145,0.0000
5245147,0.0000
5245148,0.0000
5245150,0.0000
5245152,0.0000
5245169,0.0000
5245171,0.0000
5245172,0.0000
5245174,0.0000
5245176,0.0000
5245178,0.0000
5245180,0.0000
5245181,0.0000
5245183,0.0000
5245185,0.0000
5245187,0.0000
5245189,0.0000
5245190,0.0000
5245192,0.0000
5245194,0.0000
5245196,0.0000
5245198,0.0000
5245200,0.0000
5245201,0.0000
5245203,0.0000
5245220,0.0000
5245222,0.0000
5245223,0.0000
5245225,0.0000
5245227,0.0000
5245229,0.0000
5245231,0.0000
5245232,0.0000
5245234,0.0000
5245236,0.0000
5245238,0.0000
5245240,0.0000
5245242,0.0000
5245243,0.0000
5245245,0.0000
5245247,0.0000
5245249,0.0000
5245251,0.0000
5245252,0.0000
5245254,0.0000
5245271,0.0000
5245273,0.0000
5245275,0.0000
5245276,0.0000
5245278,0.0000
5245280,0.0000
5245282,0.0000
5245284,0.0000
5245285,0.0000
5245287,0.0000
5245289,0.0000
5245291,0.0000
5245293,0.0000
5245294,0.0000
5245296,0.0000
5245298,0.0000
5245300,0.0000
5245302,0.0000
5245304,0.0000
5245305,0.0000
5245322,0.0000
5245324,0.0000
5245326,0.0000
5245328,0.0000
5245329,0.0000
5245331,0.0000
5245333,0.0000
5245335,0.0000
5245337,0.0000
5245338,0.0000
5245340,0.0000
5245342,0.0000
5245344,0.0000
5245346,0.0000
5245347,0.0000
5245349,0.0000
5245351,0.0000
5245353,0.0000
5245355,0.0000
5245371,0.0000
5245373,0.0000
5245375,0.0000
5245377,0.0000
5245379,0.0000
5245381,0.0000
5245382,0.0000
5245384,0.0000
5245386,0.0000
5245388,0.0000
5245390,0.0000
5245391,0.0000
5245393,0.0000
5245395,0.0000
5245397,0.0000
5245399,0.0000
5245401,0.0000
5245402,0.0000
5245404,0.0000
5245406,0.0000
5245423,0.0000
5245425,0.0000
5245426,0.0000
5245428,0.0000
5245430,0.0000
5245432,0.0000
5245434,0.0000
5245435,0.0000
5245437,0.0000
5245439,0.0000
5245441,0.0000
5245443,0.0000
5245445,0.0000
5245446,0.0000
5245448,0.0000
5245450,0.0000
5245452,0.0000
5245454,0.0000
5245455,0.0000
5245457,0.0000
5245474,0.0000
5245476,0.0000
5245478,0.0000
5245479,0.0000
5245481,0.0000
5245483,0.0000
5245485,0.0000
5245487,0.0000
5245488,0.0000
5245490,0.0000
5245492,0.0000
5245494,0.0000
5245496,0.0000
5245498,0.0000
5245499,0.0000
5245501,0.0000
5245503,0.0000
5245505,0.0000
5245507,0.0000
5245508,0.0000
5245525,0.0000
5245527,0.0000
5245529,0.0000
5245530,0.0000
5245532,0.0000
5245534,0.0000
5245536,0.0000
5245538,0.0000
5245540,0.0000
5245541,0.0000
5245543,0.0016
5245545,0.0000
5245547,0.0000
5245549,0.0000
5245550,0.0000
5245552,0.0000
5245554,0.0000
5245556,0.0000
5245558,0.0000
5245559,0.0000
5245576,0.0000
5245578,0.0000
5245580,0.0000
5245582,0.0000
5245584,0.0000
5245585,0.0000
5245587,0.0000
5245589,0.0000
5245591,0.0000
5245593,0.0000
5245595,0.0000
5245596,0.0000
5245598,0.0000
5245600,0.0000
5245602,0.0000
5245604,0.0000
5245606,0.0000
5245607,0.0000
5245609,0.0000
5245626,0.0000
5245627,0.0000
5245629,0.0000
5245631,0.0000
5245633,0.0000
5245635,0.0000
5245637,0.0000
5245638,0.0000
5245640,0.0000
5245642,0.0000
5245644,0.0000
5245646,0.0000
5245647,0.0000
5245649,0.0000
5245651,0.0000
5245653,0.0000
5245655,0.0000
5245657,0.0000
5245658,0.0000
5245660,0.0000
5245677,0.0000
5245679,0.0000
5245680,0.0000
5245682,0.0000
5245684,0.0000
5245686,0.0000
5245688,0.0000
5245689,0.0000
5245691,0.0000
5245693,0.0000
5245695,0.0000
5245697,0.0000
5245699,0.0000
5245700,0.0000
5245702,0.0000
5245704,0.0000
5245706,0.0000
5245708,0.0000
5245709,0.0000
5245711,0.0000
5245728,0.0000
5245730,0.0000
5245732,0.0000
5245734,0.0000
5245735,0.0000
5245737,0.0000
5245739,0.0000
5245741,0.0000
5245743,0.0000
5245745,0.0000
5245746,0.0000
5245748,0.0000
5245750,0.0000
5245752,0.0000
5245754,0.0000
5245755,0.0000
5245757,0.0000
5245759,0.0000
5245761,0.0000
5245778,0.0000
5245779,0.0000
5245781,0.0000
5245783,0.0000
5245785,0.0000
5245787,0.0000
5245788,0.0000
5245790,0.0000
5245792,0.0000
5245794,0.0000
5245796,0.0000
5245798,0.0016
5245799,0.0000
5245801,0.0000
5245803,0.0000
5245805,0.0000
5245807,0.0000
5245808,0.0000
5245810,0.0000
5245812,0.0000
5245829,0.0000
5245831,0.0000
5245832,0.0000
5245834,0.0000
5245836,0.0000
5245838,0.0000
5245840,0.0000
5245842,0.0000
5245843,0.0000
5245845,0.0000
5245847,0.0000
5245849,0.0000
5245851,0.0000
5245853,0.0000
5245854,0.0000
5245856,0.0000
5245858,0.0016
5245860,0.0000
5245862,0.0000
5245863,0.0000
5245880,0.0000
5245882,0.0000
5245884,0.0000
5245885,0.0016
5245887,0.0000
5245889,0.0000
5245891,0.0000
5245893,0.0000
5245895,0.0000
5245896,0.0000
5245898,0.0000
5245900,0.0000
5245902,0.0000
5245904,0.0000
5245906,0.0016
5245907,0.0000
5245909,0.0000
5245911,0.0000
5245913,0.0000
5245930,0.0000
5245932,0.0000
5245933,0.0000
5245935,0.0000
5245937,0.0000
5245939,0.0000
5245941,0.0000
5245942,0.0000
5245944,0.0016
5245946,0.0000
5245948,0.0000
5245950,0.0000
5245952,0.0000
5245953,0.0000
5245955,0.0000
5245957,0.0000
5245959,0.0000
5245961,0.0000
5245962,0.0000
5245964,0.0000
5245981,0.0000
5245983,0.0000
5245984,0.0000
5245986,0.0000
5245988,0.0000
5245990,0.0000
5245992,0.0000
5245994,0.0000
5245995,0.0000
5245997,0.0000
5245999,0.0000
5246001,0.0000
5246003,0.0000
5246004,0.0000
5246006,0.0000
5246008,0.0000
5246010,0.0000
5246012,0.0000
5246014,0.0000
5246015,0.0000
5246032,0.0000
5246034,0.0000
5246036,0.0000
5246037,0.0000
5246039,0.0000
5246041,0.0000
5246043,0.0000
5246045,0.0000
5246046,0.0000
5246048,0.0000
5246050,0.0000
5246052,0.0000
5246054,0.0000
5246056,0.0000
5246057,0.0000
5246059,0.0000
5246061,0.0000
5246063,0.0000
5246065,0.0000
5246066,0.0000
5246083,0.0000
5246085,0.0000
5246087,0.0000
5246089,0.0000
5246090,0.0000
5246092,0.0000
5246094,0.0000
5246096,0.0000
5246098,0.0000
5246100,0.0000
5246101,0.0000
5246103,0.0000
5246105,0.0000
5246107,0.0000
5246109,0.0000
5246111,0.0000
5246112,0.0000
5246114,0.0000
5246116,0.0000
5246132,0.0000
5246134,0.0000
5246136,0.0000
5246138,0.0000
5246140,0.0000
5246141,0.0000
5246143,0.0000
5246145,0.0000
5246147,0.0000
5246149,0.0000
5246151,0.0000
5246152,0.0000
5246154,0.0000
5246156,0.0000
5246158,0.0000
5246160,0.0000
5246162,0.0000
5246163,0.0000
5246165,0.0000
5246167,0.0000
5246183,0.0000
5246185,0.0000
5246187,0.0000
5246189,0.0000
5246191,0.0000
5246193,0.0000
5246194,0.0000
5246196,0.0000
5246198,0.0000
5246200,0.0000
5246202,0.0000
5246203,0.0000
5246205,0.0000
5246207,0.0000
5246209,0.0000
5246211,0.0000
5246213,0.0000
5246214,0.0000
5246216,0.0000
5246218,0.0000
5246235,0.0000
5246236,0.0000
5246238,0.0000
5246240,0.0000
5246242,0.0000
5246244,0.0000
5246245,0.0000
5246247,0.0000
5246249,0.0000
5246251,0.0000
5246253,0.0000
5246255,0.0000
5246256,0.0000
5246258,0.0000
5246260,0.0000
5246262,0.0000
5246264,0.0000
5246265,0.0000
5246267,0.0000
5246269,0.0000
5246286,0.0000
5246288,0.0000
5246289,0.0000
5246291,0.0000
5246293,0.0000
5246295,0.0000
5246297,0.0000
5246298,0.0000
5246300,0.0000
5246302,0.0000
5246304,0.0000
5246306,0.0000
5246308,0.0000
5246309,0.0000
5246311,0.0000
5246313,0.0000
5246315,0.0000
5246317,0.0000
5246318,0.0000
5246320,0.0000
5246337,0.0000
5246339,0.0000
5246340,0.0000
5246342,0.0000
5246344,0.0000
5246346,0.0000
5246348,0.0000
5246350,0.0000
5246351,0.0000
5246353,0.0000
5246355,0.0000
5246357,0.0000
5246359,0.0000
5246360,0.0000
5246362,0.0000
5246364,0.0000
5246366,0.0000
5246368,0.0000
5246370,0.0000
5246371,0.0000
5246388,0.0000
5246390,0.0000
5246392,0.0000
5246393,0.0000
5246395,0.0000
5246397,0.0000
5246399,0.0000
5246401,0.0000
5246403,0.0000
5246404,0.0000
5246406,0.0000
5246408,0.0000
5246410,0.0000
5246412,0.0000
5246413,0.0000
5246415,0.0000
5246417,0.0000
5246419,0.0000
5246421,0.0000
5246422,0.0000
5246439,0.0000
5246441,0.0000
5246443,0.0000
5246445,0.0000
5246446,0.0000
5246448,0.0000
5246450,0.0000
5246452,0.0000
5246454,0.0000
5246456,0.0000
5246457,0.0000
5246459,0.0000
5246461,0.0000
5246463,0.0000
5246465,0.0000
5246466,0.0000
5246468,0.0000
5246470,0.0000
5246472,0.0000
5246489,0.0000
5246490,0.0000
5246492,0.0000
5246494,0.0000
5246496,0.0000
5246498,0.0000
5246499,0.0000
5246501,0.0000
5246503,0.0000
5246505,0.0000
5246507,0.0000
5246509,0.0000
5246510,0.0000
5246512,0.0000
5246514,0.0000
5246516,0.0000
5246518,0.0000
5246520,0.0000
5246521,0.0000
5246523,0.0000
5246540,0.0000
5246542,0.0000
5246544,0.0000
5246545,0.0000
5246547,0.0000
5246549,0.0000
5246551,0.0016
5246553,0.0000
5246554,0.0000
5246556,0.0000
5246558,0.0000
5246560,0.0000
5246562,0.0000
5246564,0.0000
5246565,0.0000
5246567,0.0000
5246569,0.0000
5246571,0.0000
5246573,0.0000
5246574,0.0000
5246591,0.0000
5246593,0.0000
5246595,0.0000
5246596,0.0000
5246598,0.0000
5246600,0.0000
5246602,0.0000
5246604,0.0000
5246606,0.0000
5246607,0.0000
5246609,0.0000
5246611,0.0000
5246613,0.0000
5246615,0.0000
5246616,0.0000
5246618,0.0000
5246620,0.0000
5246622,0.0000
5246624,0.0000
5246640,0.0000
5246642,0.0000
5246644,0.0000
5246646,0.0000
5246648,0.0000
5246649,0.0000
5246651,0.0000
5246653,0.0000
5246655,0.0000
5246657,0.0000
5246658,0.0000
5246660,0.0000
5246662,0.0000
5246664,0.0000
5246666,0.0000
5246667,0.0000
5246669,0.0016
5246671,0.0000
5246673,0.0000
5246675,0.0000
5246692,0.0000
5246693,0.0000
5246695,0.0000
5246697,0.0000
5246699,0.0000
5246701,0.0000
5246703,0.0000
5246704,0.0000
5246706,0.0000
5246708,0.0000
5246710,0.0000
5246712,0.0000
5246713,0.0000
5246715,0.0000
5246717,0.0000
5246719,0.0000
5246721,0.0000
5246722,0.0000
5246724,0.0000
5246726,0.0000
5246743,0.0000
5246745,0.0000
5246746,0.0000
5246748,0.0000
5246750,0.0000
5246752,0.0000
5246754,0.0000
5246755,0.0000
5246757,0.0000
5246759,0.0000
5246761,0.0000
5246763,0.0000
5246765,0.0000
5246766,0.0000
5246768,0.0016
5246770,0.0000
5246772,0.0000
5246774,0.0000
5246775,0.0000
5246777,0.0000
5246794,0.0000
5246796,0.0000
5246798,0.0000
5246799,0.0000
5246801,0.0000
5246803,0.0000
5246805,0.0000
5246807,0.0000
5246809,0.0000
5246810,0.0000
5246812,0.0000
5246814,0.0000
5246816,0.0000
5246818,0.0000
5246819,0.0000
5246821,0.0000
5246823,0.0000
5246825,0.0000
5246827,0.0000
5246843,0.0000
5246845,0.0000
5246847,0.0000
5246849,0.0000
5246851,0.0000
5246852,0.0000
5246854,0.0000
5246856,0.0000
5246858,0.0000
5246860,0.0000
5246861,0.0000
5246863,0.0000
5246865,0.0000
5246867,0.0000
5246869,0.0000
5246871,0.0000
5246872,0.0000
5246874,0.0000
5246876,0.0000
5246878,0.0000
5246895,0.0000
5246896,0.0000
5246898,0.0000
5246900,0.0000
5246902,0.0000
5246904,0.0000
5246906,0.0000
5246907,0.0000
5246909,0.0000
5246911,0.0000
5246913,0.0000
5246915,0.0000
5246916,0.0000
5246918,0.0000
5246920,0.0000
5246922,0.0000
5246924,0.0000
5246926,0.0000
5246927,0.0000
5246929,0.0000
5246946,0.0000
5246948,0.0000
5246950,0.0000
5246951,0.0000
5246953,0.0000
5246955,0.0000
5246957,0.0000
5246959,0.0000
5246960,0.0000
5246962,0.0000
5246964,0.0000
5246966,0.0000
5246968,0.0000
5246969,0.0000
5246971,0.0000
5246973,0.0000
5246975,0.0000
5246977,0.0000
5246978,0.0000
5246980,0.0000
5246997,0.0000
5246999,0.0000
5247000,0.0000
5247002,0.0000
5247004,0.0000
5247006,0.0000
5247008,0.0000
5247010,0.0000
5247011,0.0000
5247013,0.0000
5247015,0.0000
5247017,0.0000
5247019,0.0000
5247020,0.0016
5247022,0.0000
5247024,0.0000
5247026,0.0000
5247028,0.0000
5247030,0.0000
5247031,0.0000
5247048,0.0000
5247050,0.0000
5247052,0.0000
5247054,0.0000
5247055,0.0000
5247057,0.0000
5247059,0.0000
5247061,0.0000
5247063,0.0000
5247065,0.0000
5247066,0.0000
5247068,0.0000
5247070,0.0000
5247072,0.0000
5247074,0.0000
5247075,0.0000
5247077,0.0000
5247079,0.0000
5247081,0.0000
5247098,0.0000
5247099,0.0016
5247101,0.0000
5247103,0.0000
5247105,0.0000
5247107,0.0000
5247108,0.0000
5247110,0.0016
5247112,0.0000
5247114,0.0000
5247116,0.0000
5247118,0.0000
5247119,0.0000
5247121,0.0000
5247123,0.0000
5247125,0.0000
5247127,0.0000
5247128,0.0000
5247130,0.0000
5247132,0.0000
5247149,0.0000
5247150,0.0000
5247152,0.0000
5247154,0.0000
5247156,0.0000
5247158,0.0000
5247160,0.0000
5247161,0.0000
5247163,0.0000
5247165,0.0000
5247167,0.0000
5247169,0.0000
5247170,0.0000
5247172,0.0000
5247174,0.0000
5247176,0.0000
5247178,0.0000
5247180,0.0000
5247181,0.0000
5247183,0.0000
5247200,0.0000
5247202,0.0000
5247203,0.0000
5247205,0.0000
5247207,0.0000
5247209,0.0000
5247211,0.0000
5247213,0.0000
5247214,0.0000
5247216,0.0000
5247218,0.0000
5247220,0.0000
5247222,0.0000
5247224,0.0000
5247225,0.0000
5247227,0.0000
5247229,0.0000
5247231,0.0000
5247233,0.0000
5247234,0.0000
5247251,0.0000
5247253,0.0000
5247255,0.0000
5247257,0.0000
5247258,0.0000
5247260,0.0000
5247262,0.0000
5247264,0.0000
5247266,0.0000
5247267,0.0000
5247269,0.0000
5247271,0.0000
5247273,0.0000
5247275,0.0000
5247277,0.0000
5247278,0.0000
5247280,0.0000
5247282,0.0000
5247284,0.0000
5247301,0.0000
5247302,0.0000
5247304,0.0000
5247306,0.0000
5247308,0.0000
5247310,0.0000
5247311,0.0000
5247313,0.0000
5247315,0.0000
5247317,0.0000
5247319,0.0000
5247320,0.0000
5247322,0.0000
5247324,0.0000
5247326,0.0000
5247328,0.0000
5247329,0.0000
5247331,0.0000
5247333,0.0000
5247335,0.0000
5247352,0.0000
5247353,0.0000
5247355,0.0000
5247357,0.0000
5247359,0.0000
5247361,0.0000
5247363,0.0000
5247364,0.0000
5247366,0.0000
5247368,0.0000
5247370,0.0000
5247372,0.0000
5247373,0.0000
5247375,0.0000
5247377,0.0000
5247379,0.0000
5247381,0.0000
5247382,0.0000
5247384,0.0000
5247386,0.0000
5247403,0.0000
5247404,0.0000
5247406,0.0000
5247408,0.0000
5247410,0.0000
5247412,0.0000
5247414,0.0000
5247415,0.0000
5247417,0.0000
5247419,0.0000
5247421,0.0000
5247423,0.0000
5247424,0.0000
5247426,0.0000
5247428,0.0000
5247430,0.0000
5247432,0.0000
5247433,0.0000
5247435,0.0000
5247437,0.0000
5247454,0.0000
5247456,0.0000
5247457,0.0000
5247459,0.0000
5247461,0.0000
5247463,0.0000
5247465,0.0000
5247466,0.0000
5247468,0.0000
5247470,0.0000
5247472,0.0000
5247474,0.0000
5247476,0.0000
5247477,0.0000
5247479,0.0000
5247481,0.0000
5247483,0.0016
5247485,0.0000
5247486,0.0000
5247488,0.0000
5247505,0.0000
5247507,0.0000
5247509,0.0000
5247510,0.0000
5247512,0.0000
5247514,0.0000
5247516,0.0000
5247518,0.0000
5247519,0.0000
5247521,0.0000
5247523,0.0000
5247525,0.0000
5247527,0.0000
5247528,0.0000
5247530,0.0000
5247532,0.0000
5247534,0.0000
5247536,0.0000
5247537,0.0000
5247539,0.0000
5247556,0.0000
5247558,0.0000
5247560,0.0000
5247562,0.0000
5247563,0.0000
5247565,0.0000
5247567,0.0000
5247569,0.0000
5247571,0.0000
5247573,0.0000
5247574,0.0000
5247576,0.0000
5247578,0.0000
5247580,0.0000
5247582,0.0000
5247583,0.0000
5247585,0.0000
5247587,0.0000
5247589,0.0000
5247605,0.0000
5247607,0.0000
5247609,0.0000
5247611,0.0000
5247613,0.0000
5247614,0.0000
5247616,0.0000
5247618,0.0000
5247620,0.0000
5247622,0.0000
5247623,0.0000
5247625,0.0000
5247627,0.0000
5247629,0.0000
5247631,0.0000
5247632,0.0000
5247634,0.0000
5247636,0.0000
5247638,0.0000
5247640,0.0000
5247656,0.0000
5247658,0.0000
5247660,0.0000
5247662,0.0000
5247663,0.0000
5247665,0.0000
5247667,0.0000
5247669,0.0000
5247671,0.0000
5247673,0.0000
5247674,0.0000
5247676,0.0000
5247678,0.0000
5247680,0.0000
5247682,0.0000
5247684,0.0000
5247685,0.0000
5247687,0.0000
5247689,0.0000
5247706,0.0000
5247708,0.0000
5247709,0.0000
5247711,0.0000
5247713,0.0000
5247715,0.0000
5247717,0.0000
5247719,0.0000
5247720,0.0000
5247722,0.0000
5247724,0.0000
5247726,0.0000
5247728,0.0000
5247729,0.0000
5247731,0.0000
5247733,0.0000
5247735,0.0000
5247737,0.0000
5247739,0.0000
5247741,0.0000
5247757,0.0000
5247759,0.0000
5247761,0.0000
5247763,0.0000
5247764,0.0000
5247766,0.0000
5247768,0.0000
5247770,0.0000
5247772,0.0000
5247773,0.0000
5247775,0.0000
5247777,0.0000
5247779,0.0000
5247781,0.0000
5247783,0.0000
5247784,0.0000
5247786,0.0000
5247788,0.0000
5247790,0.0000
5247806,0.0016
5247808,0.0000
5247810,0.0000
5247812,0.0000
5247814,0.0000
5247816,0.0000
5247817,0.0000
5247819,0.0000
5247821,0.0000
5247823,0.0000
5247825,0.0000
5247826,0.0000
5247828,0.0000
5247830,0.0016
5247832,0.0000
5247834,0.0000
5247836,0.0000
5247837,0.0000
5247839,0.0000
5247841,0.0000
5247858,0.0000
5247859,0.0000
5247861,0.0000
5247863,0.0000
5247865,0.0000
5247867,0.0000
5247868,0.0000
5247870,0.0000
5247872,0.0000
5247874,0.0000
5247876,0.0000
5247878,0.0000
5247880,0.0000
5247881,0.0000
5247883,0.0000
5247885,0.0000
5247887,0.0000
5247889,0.0000
5247890,0.0000
5247892,0.0000
5247909,0.0000
5247911,0.0000
5247912,0.0000
5247914,0.0000
5247916,0.0000
5247918,0.0000
5247920,0.0000
5247921,0.0000
5247923,0.0000
5247925,0.0000
5247927,0.0000
5247929,0.0000
5247931,0.0000
5247932,0.0000
5247934,0.0000
5247936,0.0000
5247938,0.0000
5247940,0.0000
5247941,0.0000
5247943,0.0000
5247960,0.0000
5247962,0.0000
5247963,0.0000
5247965,0.0000
5247967,0.0000
5247969,0.0000
5247971,0.0000
5247972,0.0000
5247974,0.0000
5247976,0.0000
5247978,0.0000
5247980,0.0000
5247981,0.0000
5247983,0.0000
5247985,0.0016
5247987,0.0000
5247989,0.0000
5247991,0.0000
5247992,0.0000
5247994,0.0000
5248011,0.0000
5248013,0.0000
5248015,0.0000
5248016,0.0000
5248018,0.0000
5248020,0.0000
5248022,0.0000
5248024,0.0000
5248025,0.0000
5248027,0.0000
5248029,0.0000
5248031,0.0000
5248033,0.0000
5248035,0.0000
5248036,0.0000
5248038,0.0000
5248040,0.0000
5248042,0.0000
5248044,0.0000
5248045,0.0000
5248062,0.0000
5248064,0.0000
5248066,0.0000
5248068,0.0000
5248069,0.0000
5248071,0.0000
5248073,0.0000
5248075,0.0000
5248077,0.0000
5248079,0.0000
5248080,0.0000
5248082,0.0000
5248084,0.0000
5248086,0.0000
5248088,0.0000
5248089,0.0000
5248091,0.0000
5248093,0.0000
5248095,0.0000
5248112,0.0000
5248113,0.0000
5248115,0.0000
5248117,0.0000
5248119,0.0000
5248121,0.0000
5248122,0.0000
5248124,0.0000
5248126,0.0000
5248128,0.0000
5248130,0.0000
5248132,0.0000
5248133,0.0016
5248135,0.0000
5248137,0.0000
5248139,0.0000
5248141,0.0000
5248142,0.0000
5248144,0.0000
5248146,0.0000
5248163,0.0000
5248165,0.0000
5248166,0.0016
5248168,0.0000
5248170,0.0000
5248172,0.0000
5248174,0.0000
5248175,0.0000
5248177,0.0000
5248179,0.0000
5248181,0.0000
5248183,0.0000
5248184,0.0000
5248186,0.0000
5248188,0.0000
5248190,0.0000
5248192,0.0000
5248194,0.0000
5248195,0.0000
5248197,0.0000
5248214,0.0000
5248216,0.0000
5248217,0.0000
5248219,0.0000
5248221,0.0000
5248223,0.0000
5248225,0.0000
5248227,0.0000
5248228,0.0000
5248230,0.0000
5248232,0.0000
5248234,0.0000
5248235,0.0000
5248237,0.0000
5248239,0.0000
5248241,0.0000
5248243,0.0000
5248244,0.0000
5248246,0.0000
5248248,0.0000
5248265,0.0000
5248267,0.0000
5248268,0.0000
5248270,0.0000
5248272,0.0000
5248274,0.0000
5248276,0.0000
5248277,0.0000
5248279,0.0000
5248281,0.0000
5248283,0.0000
5248285,0.0000
5248287,0.0000
5248288,0.0000
5248290,0.0000
5248292,0.0000
5248294,0.0000
5248296,0.0000
5248297,0.0016
5248299,0.0000
5248316,0.0000
5248318,0.0000
5248320,0.0000
5248321,0.0000
5248323,0.0000
5248325,0.0000
5248327,0.0000
5248329,0.0000
5248330,0.0000
5248332,0.0000
5248334,0.0000
5248336,0.0000
5248338,0.0000
5248339,0.0000
5248341,0.0000
5248343,0.0000
5248345,0.0000
5248347,0.0000
5248348,0.0000
5248350,0.0000
5248367,0.0000
5248369,0.0000
5248371,0.0000
5248372,0.0000
5248374,0.0000
5248376,0.0000
5248378,0.0000
5248380,0.0000
5248381,0.0000
5248383,0.0000
5248385,0.0000
5248387,0.0000
5248389,0.0000
5248391,0.0000
5248392,0.0000
5248394,0.0000
5248396,0.0000
5248398,0.0000
5248400,0.0000
5248402,0.0000
5248418,0.0000
5248420,0.0000
5248422,0.0000
5248424,0.0000
5248426,0.0000
5248427,0.0000
5248429,0.0000
5248431,0.0000
5248433,0.0000
5248435,0.0000
5248436,0.0000
5248438,0.0000
5248440,0.0000
5248442,0.0000
5248444,0.0000
5248445,0.0000
5248447,0.0000
5248449,0.0000
5248451,0.0000
5248468,0.0000
5248469,0.0000
5248471,0.0000
5248473,0.0000
5248475,0.0000
5248477,0.0000
5248478,0.0000
5248480,0.0000
5248482,0.0000
5248484,0.0000
5248486,0.0000
5248488,0.0000
5248489,0.0000
5248491,0.0000
5248493,0.0000
5248495,0.0000
5248497,0.0000
5248499,0.0000
5248500,0.0000
5248502,0.0000
5248519,0.0000
5248521,0.0000
5248523,0.0000
5248524,0.0000
5248526,0.0000
5248528,0.0000
5248530,0.0000
5248532,0.0000
5248534,0.0000
5248535,0.0000
5248537,0.0000
5248539,0.0000
5248541,0.0000
5248543,0.0000
5248544,0.0000
5248546,0.0000
5248548,0.0000
5248550,0.0000
5248552,0.0000
5248554,0.0000
5248570,0.0000
5248572,0.0000
5248574,0.0000
5248576,0.0000
5248577,0.0000
5248579,0.0000
5248581,0.0000
5248583,0.0000
5248585,0.0000
5248586,0.0000
5248588,0.0000
5248590,0.0000
5248592,0.0000
5248594,0.0000
5248596,0.0000
5248597,0.0000
5248599,0.0000
5248601,0.0000
5248603,0.0000
5248606,0.0000
5248608,0.0000
5248610,0.0000
5248612,0.0000
5248614,0.0000
5248615,0.0000
5248617,0.0000
5248619,0.0000
5248621,0.0000
5248623,0.0000
5248625,0.0000
5248626,0.0000
5248628,0.0000
5248630,0.0000
5248632,0.0000
5248634,0.0000
5248636,0.0000
5248637,0.0000
5248639,0.0000
5248641,0.0000
5248643,0.0000
5248645,0.0000
5248647,0.0000
5248648,0.0000
5248650,0.0000
5248652,0.0000
5248654,0.0000
5248671,0.0000
5248672,0.0000
5248674,0.0000
5248676,0.0000
5248678,0.0000
5248680,0.0000
5248682,0.0000
5248683,0.0000
5248685,0.0000
5248687,0.0000
5248689,0.0000
5248691,0.0000
5248693,0.0000
5248694,0.0000
5248696,0.0000
5248698,0.0000
5248700,0.0000
5248702,0.0000
5248703,0.0000
5248705,0.0000
5248709,0.0000
5248710,0.0000
5248712,0.0000
5248714,0.0000
5248716,0.0000
5248718,0.0000
5248719,0.0000
5248721,0.0000
5248723,0.0000
5248725,0.0000
5248727,0.0000
5248729,0.0000
5248731,0.0000
5248732,0.0000
5248734,0.0000
5248736,0.0000
5248738,0.0000
5248740,0.0000
5248742,0.0000
5248743,0.0000
5248745,0.0000
5248747,0.0000
5248749,0.0000
5248751,0.0000
5248752,0.0000
5248754,0.0000
5248756,0.0000
5248773,0.0000
5248775,0.0000
5248776,0.0000
5248778,0.0000
5248780,0.0000
5248782,0.0000
5248784,0.0000
5248785,0.0000
5248787,0.0000
5248789,0.0000
5248791,0.0000
5248793,0.0000
5248794,0.0000
5248796,0.0000
5248798,0.0000
5248800,0.0000
5248802,0.0000
5248804,0.0000
5248805,0.0000
5248807,0.0000
5248811,0.0000
5248812,0.0000
5248814,0.0000
5248816,0.0000
5248818,0.0000
5248820,0.0000
5248822,0.0000
5248823,0.0000
5248825,0.0000
5248827,0.0000
5248829,0.0000
5248831,0.0000
5248832,0.0000
5248834,0.0000
5248836,0.0000
5248838,0.0000
5248840,0.0000
5248842,0.0000
5248843,0.0000
5248845,0.0000
5248847,0.0000
5248849,0.0000
5248851,0.0000
5248852,0.0000
5248854,0.0000
5248856,0.0000
5248858,0.0000
5248875,0.0000
5248876,0.0000
5248878,0.0000
5248880,0.0000
5248882,0.0000
5248884,0.0000
5248885,0.0000
5248887,0.0000
5248889,0.0000
5248891,0.0000
5248893,0.0000
5248895,0.0000
5248896,0.0000
5248898,0.0000
5248900,0.0000
5248902,0.0000
5248904,0.0000
5248906,0.0000
5248907,0.0000
5248909,0.0000
5248913,0.0000
5248914,0.0000
5248916,0.0000
5248918,0.0000
5248920,0.0000
5248922,0.0000
5248924,0.0000
5248925,0.0000
5248927,0.0000
5248929,0.0000
5248931,0.0000
5248933,0.0000
5248934,0.0000
5248936,0.0000
5248938,0.0000
5248940,0.0000
5248942,0.0000
5248943,0.0000
5248945,0.0000
5248947,0.0000
5248949,0.0000
5248951,0.0000
5248952,0.0000
5248954,0.0000
5248956,0.0000
5248958,0.0000
5248960,0.0000
5248976,0.0000
5248978,0.0000
5248980,0.0000
5248982,0.0000
5248984,0.0000
5248986,0.0000
5248987,0.0000
5248989,0.0000
5248991,0.0000
5248993,0.0000
5248995,0.0000
5248996,0.0000
5248998,0.0000
5249000,0.0000
5249002,0.0000
5249004,0.0000
5249006,0.0016
5249007,0.0000
5249009,0.0000
5249011,0.0000
5249015,0.0000
5249016,0.0000
5249018,0.0000
5249020,0.0000
5249022,0.0000
5249024,0.0000
5249026,0.0000
5249027,0.0000
5249029,0.0000
5249031,0.0000
5249033,0.0000
5249035,0.0000
5249036,0.0000
5249038,0.0000
5249040,0.0000
5249042,0.0000
5249044,0.0000
5249046,0.0000
5249047,0.0000
5249049,0.0016
5249051,0.0000
5249053,0.0000
5249055,0.0000
5249057,0.0000
5249058,0.0016
5249060,0.0000
5249062,0.0000
5249079,0.0000
5249081,0.0000
5249082,0.0000
5249084,0.0000
5249086,0.0000
5249088,0.0000
5249090,0.0000
5249091,0.0000
5249093,0.0000
5249095,0.0000
5249097,0.0000
5249099,0.0000
5249100,0.0000
5249102,0.0000
5249104,0.0000
5249106,0.0000
5249108,0.0000
5249110,0.0000
5249111,0.0000
5249113,0.0000
5249117,0.0000
5249119,0.0000
5249120,0.0000
5249122,0.0000
5249124,0.0000
5249126,0.0000
5249128,0.0000
5249130,0.0000
5249131,0.0000
5249133,0.0000
5249135,0.0000
5249137,0.0000
5249139,0.0000
5249140,0.0000
5249142,0.0000
5249144,0.0000
5249146,0.0000
5249148,0.0000
5249149,0.0000
5249151,0.0000
5249153,0.0000
5249155,0.0000
5249157,0.0000
5249159,0.0000
5249160,0.0000
5249162,0.0000
5249164,0.0000
5249181,0.0000
5249182,0.0000
5249184,0.0000
5249186,0.0000
5249188,0.0000
5249190,0.0000
5249192,0.0000
5249193,0.0000
5249195,0.0000
5249197,0.0000
5249199,0.0000
5249201,0.0000
5249202,0.0000
5249204,0.0000
5249206,0.0000
5249208,0.0000
5249210,0.0000
5249211,0.0000
5249213,0.0000
5249215,0.0000
5249218,0.0000
5249220,0.0000
5249222,0.0000
5249224,0.0000
5249226,0.0000
5249227,0.0000
5249229,0.0000
5249231,0.0000
5249233,0.0000
5249235,0.0000
5249237,0.0000
5249238,0.0000
5249240,0.0000
5249242,0.0000
5249244,0.0000
5249246,0.0000
5249247,0.0000
5249249,0.0000
5249251,0.0000
5249253,0.0000
5249255,0.0000
5249256,0.0000
5249258,0.0000
5249260,0.0000
5249262,0.0000
5249264,0.0000
5249266,0.0000
5249282,0.0000
5249284,0.0000
5249286,0.0000
5249288,0.0000
5249289,0.0000
5249291,0.0000
5249293,0.0000
5249295,0.0000
5249297,0.0000
5249298,0.0000
5249300,0.0000
5249302,0.0000
5249304,0.0000
5249306,0.0000
5249308,0.0000
5249309,0.0000
5249311,0.0000
5249313,0.0000
5249315,0.0000
5249332,0.0000
5249333,0.0000
5249335,0.0000
5249337,0.0000
5249339,0.0000
5249341,0.0000
5249342,0.0000
5249344,0.0000
5249346,0.0000
5249348,0.0000
5249350,0.0000
5249351,0.0000
5249353,0.0000
5249355,0.0000
5249357,0.0000
5249359,0.0000
5249361,0.0000
5249362,0.0000
5249364,0.0000
5249366,0.0000
5249383,0.0000
5249384,0.0000
5249386,0.0000
5249388,0.0000
5249390,0.0000
5249392,0.0000
5249393,0.0000
5249395,0.0000
5249397,0.0000
5249399,0.0000
5249401,0.0000
5249403,0.0000
5249404,0.0000
5249406,0.0000
5249408,0.0000
5249410,0.0000
5249412,0.0000
5249413,0.0000
5249415,0.0000
5249417,0.0000
5249434,0.0000
5249436,0.0000
5249437,0.0000
5249439,0.0000
5249441,0.0000
5249443,0.0000
5249445,0.0000
5249447,0.0000
5249448,0.0000
5249450,0.0000
5249452,0.0000
5249454,0.0000
5249456,0.0000
5249457,0.0000
5249459,0.0000
5249461,0.0000
5249463,0.0000
5249465,0.0000
5249466,0.0000
5249468,0.0000
5249485,0.0000
5249487,0.0000
5249489,0.0000
5249490,0.0000
5249492,0.0000
5249494,0.0000
5249496,0.0000
5249498,0.0000
5249500,0.0000
5249501,0.0000
5249503,0.0000
5249505,0.0000
5249507,0.0000
5249509,0.0000
5249510,0.0000
5249512,0.0000
5249514,0.0000
5249516,0.0000
5249518,0.0000
5249520,0.0000
5249536,0.0000
5249538,0.0000
5249540,0.0000
5249542,0.0000
5249544,0.0000
5249545,0.0000
5249547,0.0000
5249549,0.0000
5249551,0.0000
5249553,0.0000
5249554,0.0000
5249556,0.0000
5249558,0.0000
5249560,0.0000
5249562,0.0000
5249564,0.0000
5249565,0.0000
5249567,0.0000
5249569,0.0000
5249585,0.0000
5249587,0.0000
5249589,0.0000
5249591,0.0000
5249593,0.0000
5249595,0.0000
5249596,0.0000
5249598,0.0000
5249600,0.0000
5249602,0.0000
5249604,0.0000
5249606,0.0000
5249607,0.0000
5249609,0.0000
5249611,0.0000
5249613,0.0000
5249615,0.0000
5249617,0.0000
5249618,0.0000
5249620,0.0000
5249637,0.0000
5249639,0.0000
5249641,0.0000
5249642,0.0000
5249644,0.0000
5249646,0.0016
5249648,0.0000
5249650,0.0000
5249652,0.0000
5249654,0.0000
5249655,0.0000
5249657,0.0000
5249659,0.0000
5249661,0.0000
5249663,0.0000
5249664,0.0000
5249666,0.0000
5249668,0.0000
5249670,0.0000
5249686,0.0000
5249688,0.0000
5249690,0.0000
5249692,0.0000
5249694,0.0000
5249696,0.0000
5249697,0.0000
5249699,0.0000
5249701,0.0000
5249703,0.0000
5249705,0.0000
5249706,0.0000
5249708,0.0000
5249710,0.0000
5249712,0.0000
5249714,0.0000
5249716,0.0000
5249717,0.0000
5249719,0.0000
5249721,0.0000
5249738,0.0000
5249740,0.0000
5249741,0.0000
5249743,0.0000
5249745,0.0000
5249747,0.0000
5249749,0.0000
5249751,0.0000
5249752,0.0000
5249754,0.0000
5249756,0.0000
5249758,0.0000
5249760,0.0000
5249761,0.0000
5249763,0.0000
5249765,0.0000
5249767,0.0000
5249769,0.0000
5249770,0.0000
5249772,0.0000
5249789,0.0000
5249791,0.0000
5249793,0.0000
5249794,0.0000
5249796,0.0000
5249798,0.0000
5249800,0.0000
5249802,0.0000
5249804,0.0000
5249805,0.0000
5249807,0.0000
5249809,0.0000
5249811,0.0000
5249813,0.0000
5249815,0.0000
5249816,0.0000
5249818,0.0000
5249820,0.0000
5249822,0.0000
5249838,0.0000
5249840,0.0000
5249842,0.0000
5249844,0.0016
5249846,0.0000
5249847,0.0000
5249849,0.0000
5249851,0.0000
5249853,0.0000
5249855,0.0000
5249857,0.0000
5249859,0.0000
5249860,0.0000
5249862,0.0000
5249864,0.0000
5249866,0.0000
5249868,0.0000
5249869,0.0000
5249871,0.0000
5249873,0.0000
5249890,0.0000
5249891,0.0000
5249893,0.0000
5249895,0.0000
5249897,0.0000
5249899,0.0000
5249901,0.0000
5249902,0.0000
5249904,0.0000
5249906,0.0000
5249908,0.0000
5249910,0.0000
5249912,0.0000
5249913,0.0000
5249915,0.0000
5249917,0.0000
5249919,0.0000
5249921,0.0000
5249922,0.0000
5249924,0.0000
5249941,0.0000
5249943,0.0000
5249944,0.0000
5249946,0.0000
5249948,0.0000
5249950,0.0000
5249952,0.0000
5249954,0.0000
5249955,0.0000
5249957,0.0000
5249959,0.0000
5249961,0.0000
5249963,0.0000
5249964,0.0000
5249966,0.0000
5249968,0.0000
5249970,0.0000
5249972,0.0000
5249974,0.0000
5249975,0.0000
5249992,0.0000
5249994,0.0000
5249996,0.0000
5249998,0.0000
5249999,0.0000
5250001,0.0000
5250003,0.0000
5250005,0.0000
5250006,0.0000
5250008,0.0000
5250010,0.0000
5250012,0.0000
5250014,0.0000
5250016,0.0000
5250017,0.0000
5250019,0.0000
5250021,0.0000
5250023,0.0000
5250025,0.0000
5250026,0.0000
5250043,0.0000
5250045,0.0000
5250047,0.0000
5250049,0.0000
5250050,0.0000
5250052,0.0000
5250054,0.0000
5250056,0.0000
5250058,0.0000
5250060,0.0000
5250061,0.0000
5250063,0.0000
5250065,0.0000
5250067,0.0000
5250069,0.0000
5250070,0.0000
5250072,0.0000
5250074,0.0000
5250076,0.0000
5250092,0.0000
5250094,0.0000
5250096,0.0000
5250098,0.0000
5250100,0.0000
5250101,0.0000
5250103,0.0000
5250105,0.0000
5250107,0.0000
5250109,0.0000
5250111,0.0000
5250112,0.0000
5250114,0.0000
5250116,0.0000
5250118,0.0000
5250120,0.0000
5250121,0.0000
5250123,0.0000
5250125,0.0000
5250127,0.0000
5250143,0.0000
5250145,0.0000
5250147,0.0000
5250149,0.0000
5250151,0.0000
5250153,0.0000
5250155,0.0000
5250156,0.0000
5250158,0.0000
5250160,0.0000
5250162,0.0000
5250163,0.0000
5250165,0.0000
5250167,0.0000
5250169,0.0000
5250171,0.0000
5250173,0.0000
5250174,0.0000
5250176,0.0000
5250178,0.0000
5250195,0.0000
5250197,0.0000
5250198,0.0000
5250200,0.0000
5250202,0.0000
5250204,0.0016
5250206,0.0000
5250208,0.0000
5250209,0.0000
5250211,0.0000
5250213,0.0000
5250215,0.0000
5250217,0.0016
5250219,0.0000
5250220,0.0000
5250222,0.0000
5250224,0.0000
5250226,0.0000
5250228,0.0000
5250229,0.0000
5250246,0.0000
5250248,0.0000
5250250,0.0000
5250252,0.0000
5250254,0.0000
5250255,0.0000
5250257,0.0000
5250259,0.0000
5250261,0.0000
5250263,0.0000
5250264,0.0000
5250266,0.0000
5250268,0.0000
5250270,0.0000
5250272,0.0000
5250274,0.0000
5250275,0.0000
5250277,0.0000
5250279,0.0000
5250296,0.0000
5250298,0.0000
5250299,0.0000
5250301,0.0000
5250303,0.0000
5250305,0.0000
5250307,0.0000
5250308,0.0000
5250310,0.0000
5250312,0.0000
5250314,0.0000
5250316,0.0000
5250318,0.0000
5250319,0.0000
5250321,0.0000
5250323,0.0032
5250325,0.0000
5250327,0.0000
5250329,0.0000
5250330,0.0000
5250347,0.0000
5250349,0.0000
5250351,0.0016
5250353,0.0000
5250354,0.0000
5250356,0.0000
5250358,0.0000
5250360,0.0000
5250362,0.0000
5250363,0.0000
5250365,0.0000
5250367,0.0000
5250369,0.0000
5250371,0.0000
5250373,0.0000
5250374,0.0000
5250376,0.0000
5250378,0.0000
5250380,0.0000
5250381,0.0000
5250398,0.0000
5250400,0.0000
5250402,0.0000
5250404,0.0000
5250405,0.0000
5250407,0.0000
5250409,0.0000
5250411,0.0016
5250413,0.0000
5250415,0.0000
5250416,0.0000
5250418,0.0000
5250420,0.0000
5250422,0.0000
5250424,0.0000
5250426,0.0000
5250427,0.0000
5250429,0.0000
5250431,0.0000
5250448,0.0000
5250450,0.0000
5250451,0.0000
5250453,0.0000
5250455,0.0016
5250457,0.0000
5250459,0.0000
5250461,0.0000
5250462,0.0000
5250464,0.0000
5250466,0.0000
5250468,0.0000
5250470,0.0000
5250471,0.0000
5250473,0.0000
5250475,0.0000
5250477,0.0000
5250479,0.0000
5250481,0.0000
5250482,0.0000
5250499,0.0000
5250501,0.0000
5250503,0.0000
5250504,0.0000
5250506,0.0000
5250508,0.0000
5250510,0.0000
5250512,0.0000
5250514,0.0000
5250515,0.0000
5250517,0.0000
5250519,0.0000
5250521,0.0000
5250523,0.0000
5250524,0.0000
5250526,0.0000
5250528,0.0000
5250530,0.0000
5250532,0.0000
5250549,0.0000
5250550,0.0000
5250552,0.0000
5250554,0.0000
5250556,0.0000
5250558,0.0000
5250559,0.0000
5250561,0.0000
5250563,0.0000
5250565,0.0000
5250567,0.0000
5250569,0.0000
5250570,0.0000
5250572,0.0000
5250574,0.0000
5250576,0.0000
5250578,0.0000
5250579,0.0000
5250581,0.0000
5250583,0.0000
5250600,0.0000
5250602,0.0000
5250603,0.0000
5250605,0.0000
5250607,0.0000
5250609,0.0000
5250611,0.0000
5250612,0.0000
5250614,0.0000
5250616,0.0000
5250618,0.0000
5250620,0.0000
5250621,0.0000
5250623,0.0000
5250625,0.0000
5250627,0.0000
5250629,0.0000
5250630,0.0000
5250632,0.0000
5250634,0.0000
5250651,0.0000
5250653,0.0000
5250654,0.0000
5250656,0.0000
5250658,0.0000
5250660,0.0000
5250662,0.0000
5250664,0.0000
5250665,0.0000
5250667,0.0000
5250669,0.0000
5250671,0.0000
5250673,0.0000
5250674,0.0000
5250676,0.0000
5250678,0.0000
5250680,0.0000
5250682,0.0000
5250683,0.0000
5250685,0.0000
5250702,0.0000
5250704,0.0000
5250706,0.0000
5250707,0.0000
5250709,0.0000
5250711,0.0000
5250713,0.0000
5250715,0.0000
5250717,0.0000
5250718,0.0016
5250720,0.0000
5250722,0.0000
5250724,0.0000
5250726,0.0000
5250727,0.0000
5250729,0.0000
5250731,0.0000
5250733,0.0000
5250735,0.0000
5250751,0.0000
5250753,0.0000
5250755,0.0000
5250757,0.0000
5250759,0.0000
5250760,0.0000
5250762,0.0000
5250764,0.0000
5250766,0.0000
5250768,0.0000
5250770,0.0000
5250771,0.0000
5250773,0.0000
5250775,0.0000
5250777,0.0000
5250779,0.0000
5250780,0.0000
5250782,0.0000
5250784,0.0000
5250786,0.0000
5250803,0.0000
5250804,0.0000
5250806,0.0000
5250808,0.0000
5250810,0.0000
5250812,0.0000
5250813,0.0000
5250815,0.0000
5250817,0.0000
5250819,0.0000
5250821,0.0000
5250823,0.0000
5250824,0.0000
5250826,0.0000
5250828,0.0000
5250830,0.0000
5250832,0.0000
5250834,0.0000
5250835,0.0000
5250837,0.0000
5250854,0.0000
5250856,0.0000
5250857,0.0000
5250859,0.0000
5250861,0.0000
5250863,0.0000
5250865,0.0000
5250867,0.0000
5250868,0.0000
5250870,0.0000
5250872,0.0000
5250874,0.0000
5250876,0.0000
5250877,0.0000
5250879,0.0000
5250881,0.0000
5250883,0.0000
5250885,0.0000
5250887,0.0000
5250888,0.0000
5250905,0.0000
5250907,0.0000
5250909,0.0000
5250910,0.0000
5250912,0.0000
5250914,0.0000
5250916,0.0000
5250918,0.0000
5250920,0.0000
5250921,0.0000
5250923,0.0000
5250925,0.0000
5250927,0.0000
5250928,0.0000
5250930,0.0000
5250932,0.0000
5250934,0.0000
5250936,0.0000
5250937,0.0000
5250939,0.0000
5250956,0.0000
5250958,0.0000
5250960,0.0000
5250961,0.0000
5250963,0.0000
5250965,0.0000
5250967,0.0000
5250969,0.0000
5250971,0.0000
5250972,0.0000
5250974,0.0000
5250976,0.0000
5250978,0.0000
5250980,0.0000
5250981,0.0000
5250983,0.0000
5250985,0.0000
5250987,0.0000
5250989,0.0000
5250990,0.0000
5251007,0.0000
5251009,0.0000
5251011,0.0000
5251013,0.0000
5251014,0.0000
5251016,0.0000
5251018,0.0000
5251020,0.0000
5251022,0.0000
5251023,0.0000
5251025,0.0000
5251027,0.0000
5251029,0.0000
5251031,0.0000
5251033,0.0000
5251034,0.0000
5251036,0.0000
5251038,0.0000
5251040,0.0000
5251056,0.0000
5251058,0.0000
5251060,0.0000
5251062,0.0000
5251064,0.0000
5251066,0.0000
5251067,0.0000
5251069,0.0000
5251071,0.0000
5251073,0.0000
5251075,0.0000
5251076,0.0000
5251078,0.0000
5251080,0.0000
5251082,0.0000
5251084,0.0000
5251086,0.0000
5251087,0.0000
5251089,0.0000
5251091,0.0000
5251108,0.0000
5251109,0.0000
5251111,0.0000
5251113,0.0000
5251115,0.0000
5251117,0.0000
5251118,0.0000
5251120,0.0000
5251122,0.0000
5251124,0.0000
5251126,0.0000
5251128,0.0000
5251129,0.0000
5251131,0.0000
5251133,0.0000
5251135,0.0000
5251137,0.0000
5251138,0.0000
5251140,0.0000
5251142,0.0000
5251159,0.0000
5251160,0.0000
5251162,0.0000
5251164,0.0000
5251166,0.0000
5251168,0.0000
5251170,0.0000
5251171,0.0000
5251173,0.0000
5251175,0.0000
5251177,0.0000
5251179,0.0000
5251180,0.0000
5251182,0.0000
5251184,0.0000
5251186,0.0000
5251188,0.0000
5251190,0.0000
5251191,0.0000
5251193,0.0000
5251210,0.0016
5251212,0.0000
5251213,0.0000
5251215,0.0000
5251217,0.0016
5251219,0.0000
5251221,0.0000
5251223,0.0000
5251225,0.0000
5251226,0.0000
5251228,0.0000
5251230,0.0000
5251232,0.0000
5251234,0.0000
5251235,0.0000
5251237,0.0000
5251239,0.0000
5251241,0.0000
5251243,0.0000
5251259,0.0000
5251261,0.0000
5251263,0.0000
5251265,0.0000
5251267,0.0000
5251269,0.0000
5251270,0.0000
5251272,0.0000
5251274,0.0016
5251276,0.0000
5251278,0.0000
5251280,0.0000
5251281,0.0000
5251283,0.0000
5251285,0.0000
5251287,0.0000
5251289,0.0000
5251290,0.0000
5251292,0.0000
5251294,0.0000
5251311,0.0000
5251313,0.0000
5251314,0.0000
5251316,0.0000
5251318,0.0000
5251320,0.0000
5251322,0.0000
5251324,0.0000
5251325,0.0000
5251327,0.0000
5251329,0.0000
5251331,0.0000
5251333,0.0000
5251334,0.0000
5251336,0.0000
5251338,0.0000
5251340,0.0000
5251342,0.0000
5251344,0.0000
5251345,0.0000
5251362,0.0000
5251364,0.0000
5251366,0.0000
5251368,0.0000
5251369,0.0000
5251371,0.0016
5251373,0.0000
5251375,0.0000
5251377,0.0000
5251378,0.0000
5251380,0.0000
5251382,0.0000
5251384,0.0000
5251386,0.0000
5251388,0.0000
5251389,0.0000
5251391,0.0000
5251393,0.0000
5251395,0.0000
5251411,0.0000
5251413,0.0000
5251415,0.0000
5251417,0.0000
5251419,0.0000
5251421,0.0000
5251422,0.0000
5251424,0.0000
5251426,0.0000
5251428,0.0000
5251430,0.0000
5251431,0.0000
5251433,0.0000
5251435,0.0000
5251437,0.0000
5251439,0.0000
5251440,0.0000
5251442,0.0000
5251444,0.0000
5251446,0.0000
5251463,0.0000
5251464,0.0000
5251466,0.0000
5251468,0.0000
5251470,0.0000
5251472,0.0016
5251474,0.0000
5251475,0.0000
5251477,0.0000
5251479,0.0000
5251481,0.0000
5251483,0.0000
5251485,0.0000
5251486,0.0000
5251488,0.0000
5251490,0.0000
5251492,0.0000
5251494,0.0000
5251495,0.0000
5251497,0.0000
5251514,0.0000
5251516,0.0000
5251518,0.0016
5251519,0.0000
5251521,0.0000
5251523,0.0000
5251525,0.0000
5251527,0.0000
5251528,0.0000
5251530,0.0000
5251532,0.0000
5251534,0.0016
5251536,0.0016
5251538,0.0000
5251540,0.0000
5251541,0.0000
5251543,0.0000
5251545,0.0000
5251547,0.0000
5251563,0.0000
5251565,0.0000
5251567,0.0000
5251569,0.0000
5251571,0.0000
5251573,0.0000
5251574,0.0000
5251576,0.0000
5251578,0.0000
5251580,0.0000
5251582,0.0000
5251583,0.0000
5251585,0.0000
5251587,0.0000
5251589,0.0000
5251591,0.0000
5251592,0.0000
5251594,0.0000
5251596,0.0000
5251598,0.0000
5251615,0.0000
5251616,0.0000
5251618,0.0000
5251620,0.0000
5251622,0.0000
5251624,0.0000
5251626,0.0000
5251627,0.0000
5251629,0.0000
5251631,0.0000
5251633,0.0000
5251635,0.0000
5251636,0.0000
5251638,0.0000
5251640,0.0000
5251642,0.0000
5251644,0.0000
5251646,0.0000
5251647,0.0000
5251649,0.0000
5251666,0.0000
5251668,0.0000
5251670,0.0000
5251671,0.0000
5251673,0.0000
5251675,0.0000
5251677,0.0000
5251679,0.0000
5251681,0.0000
5251682,0.0000
5251684,0.0000
5251686,0.0000
5251688,0.0000
5251690,0.0000
5251691,0.0000
5251693,0.0000
5251695,0.0000
5251697,0.0000
5251699,0.0000
5251715,0.0000
5251717,0.0000
5251719,0.0000
5251721,0.0000
5251723,0.0000
5251725,0.0000
5251726,0.0000
5251728,0.0000
5251730,0.0000
5251732,0.0000
5251734,0.0000
5251735,0.0000
5251737,0.0000
5251739,0.0000
5251741,0.0000
5251743,0.0000
5251744,0.0000
5251746,0.0000
5251748,0.0000
5251750,0.0000
5251767,0.0000
5251768,0.0000
5251770,0.0000
5251772,0.0000
5251774,0.0000
5251776,0.0000
5251777,0.0000
5251779,0.0000
5251781,0.0000
5251783,0.0000
5251785,0.0000
5251786,0.0000
5251788,0.0000
5251790,0.0000
5251792,0.0000
5251794,0.0000
5251795,0.0000
5251797,0.0000
5251799,0.0000
5251801,0.0000
5251818,0.0000
5251819,0.0000
5251821,0.0000
5251823,0.0000
5251825,0.0000
5251827,0.0000
5251828,0.0000
5251830,0.0000
5251832,0.0000
5251834,0.0000
5251836,0.0000
5251837,0.0000
5251839,0.0000
5251841,0.0000
5251843,0.0000
5251845,0.0000
5251846,0.0000
5251848,0.0000
5251850,0.0000
5251852,0.0000
5251868,0.0000
5251870,0.0000
5251872,0.0000
5251874,0.0000
5251876,0.0000
5251878,0.0000
5251879,0.0000
5251881,0.0016
5251883,0.0000
5251885,0.0000
5251887,0.0000
5251889,0.0000
5251890,0.0000
5251892,0.0000
5251894,0.0000
5251896,0.0000
5251898,0.0000
5251899,0.0000
5251901,0.0000
5251903,0.0000
5251920,0.0000
5251921,0.0000
5251923,0.0000
5251925,0.0000
5251927,0.0000
5251929,0.0000
5251931,0.0016
5251932,0.0000
5251934,0.0000
5251936,0.0000
5251938,0.0000
5251940,0.0000
5251941,0.0000
5251943,0.0000
5251945,0.0000
5251947,0.0000
5251949,0.0000
5251950,0.0000
5251952,0.0000
5251954,0.0000
5251971,0.0016
5251973,0.0000
5251974,0.0000
5251976,0.0000
5251978,0.0000
5251980,0.0000
5251982,0.0000
5251983,0.0000
5251985,0.0000
5251987,0.0000
5251989,0.0000
5251991,0.0000
5251992,0.0000
5251994,0.0000
5251996,0.0000
5251998,0.0000
5252000,0.0000
5252002,0.0000
5252003,0.0000
5252005,0.0000
5252022,0.0000
5252024,0.0000
5252025,0.0000
5252027,0.0000
5252029,0.0000
5252031,0.0000
5252033,0.0000
5252034,0.0000
5252036,0.0000
5252038,0.0000
5252040,0.0000
5252042,0.0000
5252043,0.0000
5252045,0.0000
5252047,0.0000
5252049,0.0000
5252051,0.0000
5252053,0.0000
5252054,0.0000
5252056,0.0000
5252073,0.0000
5252075,0.0000
5252076,0.0000
5252078,0.0000
5252080,0.0000
5252082,0.0000
5252084,0.0000
5252085,0.0000
5252087,0.0000
5252089,0.0000
5252091,0.0000
5252093,0.0000
5252095,0.0000
5252096,0.0000
5252098,0.0000
5252100,0.0000
5252102,0.0000
5252104,0.0000
5252105,0.0000
5252107,0.0000
5252124,0.0000
5252126,0.0000
5252127,0.0000
5252129,0.0000
5252131,0.0000
5252133,0.0000
5252135,0.0000
5252137,0.0000
5252138,0.0000
5252140,0.0000
5252142,0.0000
5252144,0.0000
5252145,0.0000
5252147,0.0000
5252149,0.0000
5252151,0.0000
5252153,0.0000
5252155,0.0000
5252156,0.0000
5252158,0.0000
5252175,0.0000
5252177,0.0000
5252179,0.0000
5252180,0.0000
5252182,0.0000
5252184,0.0000
5252186,0.0000
5252188,0.0000
5252189,0.0000
5252191,0.0000
5252193,0.0000
5252195,0.0000
5252197,0.0000
5252199,0.0016
5252200,0.0000
5252202,0.0000
5252204,0.0000
5252206,0.0000
5252208,0.0000
5252224,0.0000
5252226,0.0000
5252228,0.0000
5252230,0.0000
5252232,0.0000
5252234,0.0000
5252235,0.0000
5252237,0.0000
5252239,0.0000
5252241,0.0000
5252243,0.0000
5252244,0.0016
5252246,0.0000
5252248,0.0000
5252250,0.0000
5252252,0.0000
5252254,0.0000
5252256,0.0000
5252257,0.0000
5252259,0.0000
5252276,0.0000
5252278,0.0000
5252280,0.0000
5252281,0.0000
5252283,0.0000
5252285,0.0000
5252287,0.0000
5252289,0.0000
5252290,0.0000
5252292,0.0000
5252294,0.0000
5252296,0.0000
5252298,0.0000
5252299,0.0000
5252301,0.0016
5252303,0.0000
5252305,0.0000
5252307,0.0000
5252309,0.0000
5252310,0.0000
5252327,0.0000
5252329,0.0000
5252331,0.0000
5252333,0.0000
5252334,0.0000
5252336,0.0000
5252338,0.0000
5252340,0.0000
5252342,0.0000
5252343,0.0000
5252345,0.0000
5252347,0.0000
5252349,0.0000
5252351,0.0000
5252353,0.0000
5252355,0.0000
5252356,0.0000
5252358,0.0000
5252360,0.0000
5252377,0.0000
5252378,0.0000
5252380,0.0000
5252382,0.0000
5252384,0.0000
5252386,0.0000
5252388,0.0000
5252389,0.0000
5252391,0.0000
5252393,0.0000
5252395,0.0000
5252397,0.0000
5252398,0.0000
5252400,0.0000
5252402,0.0000
5252404,0.0000
5252406,0.0000
5252408,0.0000
5252409,0.0000
5252411,0.0000
5252428,0.0000
5252430,0.0000
5252432,0.0000
5252433,0.0000
5252435,0.0000
5252437,0.0000
5252439,0.0000
5252441,0.0000
5252442,0.0000
5252444,0.0000
5252446,0.0016
5252448,0.0000
5252450,0.0000
5252452,0.0000
5252453,0.0000
5252455,0.0000
5252457,0.0000
5252459,0.0000
5252461,0.0000
5252462,0.0000
5252479,0.0000
5252481,0.0000
5252483,0.0000
5252485,0.0000
5252487,0.0000
5252488,0.0000
5252490,0.0000
5252492,0.0000
5252494,0.0000
5252496,0.0000
5252498,0.0000
5252499,0.0016
5252501,0.0000
5252503,0.0000
5252505,0.0000
5252507,0.0000
5252509,0.0000
5252510,0.0000
5252512,0.0000
5252529,0.0000
5252531,0.0000
5252532,0.0000
5252534,0.0000
5252536,0.0000
5252538,0.0000
5252540,0.0000
5252541,0.0000
5252543,0.0000
5252545,0.0000
5252547,0.0000
5252549,0.0000
5252551,0.0000
5252552,0.0000
5252554,0.0000
5252556,0.0000
5252558,0.0000
5252560,0.0000
5252562,0.0000
5252563,0.0000
5252580,0.0000
5252582,0.0000
5252584,0.0000
5252585,0.0000
5252587,0.0016
5252589,0.0000
5252591,0.0000
5252593,0.0000
5252595,0.0000
5252596,0.0000
5252598,0.0000
5252600,0.0000
5252602,0.0000
5252604,0.0000
5252605,0.0000
5252607,0.0000
5252609,0.0000
5252611,0.0000
5252613,0.0000
5252629,0.0000
5252631,0.0000
5252633,0.0000
5252635,0.0000
5252637,0.0000
5252638,0.0000
5252640,0.0000
5252642,0.0000
5252644,0.0000
5252646,0.0000
5252648,0.0000
5252649,0.0000
5252651,0.0000
5252653,0.0000
5252655,0.0000
5252657,0.0000
5252658,0.0000
5252660,0.0000
5252662,0.0000
5252664,0.0000
5252681,0.0000
5252682,0.0000
5252684,0.0032
5252686,0.0000
5252688,0.0000
5252690,0.0000
5252692,0.0000
5252693,0.0000
5252695,0.0000
5252697,0.0000
5252699,0.0000
5252701,0.0000
5252702,0.0000
5252704,0.0000
5252706,0.0000
5252708,0.0000
5252710,0.0000
5252711,0.0000
5252713,0.0000
5252715,0.0000
5252732,0.0000
5252733,0.0000
5252735,0.0000
5252737,0.0000
5252739,0.0000
5252741,0.0000
5252743,0.0000
5252744,0.0000
5252746,0.0000
5252748,0.0000
5252750,0.0000
5252752,0.0000
5252753,0.0000
5252755,0.0000
5252757,0.0000
5252759,0.0000
5252761,0.0000
5252763,0.0000
5252764,0.0000
5252766,0.0000
5252783,0.0000
5252785,0.0000
5252786,0.0000
5252788,0.0000
5252790,0.0000
5252792,0.0000
5252794,0.0000
5252795,0.0000
5252797,0.0000
5252799,0.0000
5252801,0.0000
5252803,0.0000
5252805,0.0000
5252806,0.0000
5252808,0.0000
5252810,0.0000
5252812,0.0000
5252814,0.0000
5252815,0.0000
5252817,0.0000
5252834,0.0000
5252836,0.0000
5252838,0.0000
5252839,0.0000
5252841,0.0000
5252843,0.0000
5252845,0.0000
5252847,0.0000
5252849,0.0000
5252850,0.0000
5252852,0.0000
5252854,0.0000
5252856,0.0000
5252858,0.0000
5252860,0.0000
5252861,0.0000
5252863,0.0000
5252865,0.0000
5252867,0.0000
5252883,0.0000
5252885,0.0000
5252887,0.0000
5252889,0.0000
5252891,0.0000
5252893,0.0000
5252894,0.0000
5252896,0.0000
5252898,0.0000
5252900,0.0000
5252902,0.0000
5252903,0.0000
5252905,0.0000
5252907,0.0000
5252909,0.0000
5252911,0.0000
5252913,0.0000
5252914,0.0000
5252916,0.0000
5252918,0.0000
5252935,0.0000
5252936,0.0000
5252938,0.0000
5252940,0.0000
5252942,0.0000
5252944,0.0000
5252946,0.0000
5252947,0.0000
5252949,0.0000
5252951,0.0000
5252953,0.0000
5252955,0.0000
5252956,0.0000
5252958,0.0000
5252960,0.0000
5252962,0.0000
5252964,0.0000
5252966,0.0000
5252967,0.0000
5252969,0.0000
5252986,0.0000
5252988,0.0000
5252989,0.0000
5252991,0.0000
5252993,0.0000
5252995,0.0000
5252997,0.0000
5252999,0.0000
5253000,0.0000
5253002,0.0000
5253004,0.0000
5253006,0.0000
5253008,0.0000
5253009,0.0000
5253011,0.0000
5253013,0.0000
5253015,0.0000
5253017,0.0000
5253019,0.0000
5253020,0.0000
5253037,0.0000
5253039,0.0000
5253041,0.0000
5253042,0.0000
5253044,0.0000
5253046,0.0000
5253048,0.0000
5253050,0.0000
5253052,0.0000
5253053,0.0000
5253055,0.0000
5253057,0.0000
5253059,0.0000
5253061,0.0000
5253062,0.0000
5253064,0.0000
5253066,0.0000
5253068,0.0000
5253070,0.0000
5253072,0.0000
5253088,0.0000
5253090,0.0000
5253092,0.0000
5253093,0.0000
5253095,0.0000
5253097,0.0000
5253099,0.0000
5253101,0.0000
5253103,0.0000
5253105,0.0000
5253106,0.0000
5253108,0.0000
5253110,0.0000
5253112,0.0000
5253114,0.0000
5253115,0.0000
5253117,0.0000
5253119,0.0000
5253121,0.0000
5253138,0.0000
5253139,0.0000
5253141,0.0000
5253143,0.0000
5253145,0.0000
5253147,0.0000
5253149,0.0000
5253150,0.0000
5253152,0.0000
5253154,0.0000
5253156,0.0000
5253158,0.0000
5253159,0.0000
5253161,0.0000
5253163,0.0000
5253165,0.0000
5253167,0.0000
5253169,0.0000
5253170,0.0000
5253172,0.0000
5253189,0.0000
5253191,0.0000
5253192,0.0000
5253194,0.0000
5253196,0.0000
5253198,0.0000
5253200,0.0000
5253201,0.0000
5253203,0.0000
5253205,0.0000
5253207,0.0000
5253209,0.0000
5253210,0.0000
5253212,0.0000
5253214,0.0000
5253216,0.0000
5253218,0.0000
5253220,0.0000
5253221,0.0000
5253223,0.0000
5253240,0.0000
5253242,0.0000
5253244,0.0000
5253245,0.0000
5253247,0.0000
5253249,0.0000
5253251,0.0000
5253253,0.0016
5253254,0.0000
5253256,0.0000
5253258,0.0000
5253260,0.0000
5253262,0.0000
5253264,0.0000
5253265,0.0000
5253267,0.0000
5253269,0.0000
5253271,0.0000
5253273,0.0000
5253289,0.0000
5253291,0.0000
5253293,0.0000
5253295,0.0000
5253297,0.0000
5253299,0.0000
5253300,0.0000
5253302,0.0000
5253304,0.0000
5253306,0.0000
5253308,0.0000
5253310,0.0000
5253311,0.0000
5253313,0.0000
5253315,0.0000
5253317,0.0000
5253319,0.0016
5253321,0.0000
5253322,0.0000
5253324,0.0000
5253341,0.0000
5253343,0.0000
5253345,0.0000
5253346,0.0000
5253348,0.0000
5253350,0.0000
5253352,0.0000
5253354,0.0000
5253355,0.0000
5253357,0.0000
5253359,0.0000
5253361,0.0000
5253363,0.0000
5253365,0.0000
5253366,0.0000
5253368,0.0000
5253370,0.0000
5253372,0.0000
5253374,0.0000
5253390,0.0000
5253392,0.0000
5253394,0.0000
5253396,0.0000
5253398,0.0000
5253400,0.0016
5253402,0.0000
5253403,0.0000
5253405,0.0000
5253407,0.0000
5253409,0.0000
5253411,0.0000
5253412,0.0000
5253414,0.0000
5253416,0.0000
5253418,0.0000
5253420,0.0000
5253422,0.0000
5253423,0.0000
5253425,0.0000
5253442,0.0000
5253444,0.0000
5253446,0.0000
5253447,0.0000
5253449,0.0000
5253451,0.0000
5253453,0.0000
5253455,0.0000
5253456,0.0000
5253458,0.0000
5253460,0.0000
5253462,0.0000
5253464,0.0000
5253466,0.0016
5253467,0.0000
5253469,0.0000
5253471,0.0000
5253473,0.0000
5253475,0.0000
5253491,0.0000
5253493,0.0000
5253495,0.0000
5253497,0.0000
5253499,0.0016
5253501,0.0000
5253502,0.0000
5253504,0.0000
5253506,0.0000
5253508,0.0000
5253510,0.0000
5253511,0.0000
5253513,0.0000
5253515,0.0000
5253517,0.0000
5253519,0.0016
5253521,0.0000
5253522,0.0000
5253524,0.0000
5253526,0.0000
5253543,0.0000
5253545,0.0000
5253546,0.0000
5253548,0.0016
5253550,0.0016
5253552,0.0000
5253554,0.0000
5253556,0.0000
5253558,0.0000
5253559,0.0000
5253561,0.0000
5253563,0.0000
5253565,0.0000
5253567,0.0000
5253568,0.0000
5253570,0.0000
5253572,0.0000
5253574,0.0000
5253576,0.0000
5253592,0.0000
5253594,0.0000
5253596,0.0000
5253598,0.0000
5253600,0.0000
5253601,0.0000
5253603,0.0000
5253605,0.0000
5253607,0.0000
5253609,0.0000
5253610,0.0000
5253612,0.0000
5253614,0.0000
5253616,0.0000
5253618,0.0000
5253620,0.0000
5253621,0.0016
5253623,0.0000
5253625,0.0000
5253627,0.0000
5253644,0.0000
5253645,0.0000
5253647,0.0000
5253649,0.0000
5253651,0.0000
5253653,0.0000
5253655,0.0000
5253656,0.0000
5253658,0.0000
5253660,0.0000
5253662,0.0000
5253664,0.0000
5253666,0.0000
5253667,0.0000
5253669,0.0000
5253671,0.0000
5253673,0.0000
5253675,0.0000
5253677,0.0000
5253678,0.0000
5253695,0.0000
5253697,0.0000
5253699,0.0000
5253700,0.0000
5253702,0.0000
5253704,0.0000
