Temperature,Pressure,Altitude
28.98,1002.8,0.0
28.98,1002.8,0.0
29.11,1002.8,0.0
29.11,1002.8,0.01
29.38,1002.8,0.01
29.38,1002.8,0.01
29.66,1002.81,-0.0
29.66,1002.81,-0.01
29.92,1002.81,-0.02
29.92,1002.81,-0.03
30.16,1002.82,-0.04
30.16,1002.82,-0.06
30.37,1002.82,-0.07
30.37,1002.82,-0.07
30.55,1002.83,-0.09
30.55,1002.83,-0.1
30.7,1002.83,-0.12
30.7,1002.83,-0.13
30.84,1002.84,-0.15
30.84,1002.84,-0.16
30.96,1002.84,-0.18
30.96,1002.84,-0.2
31.06,1002.84,-0.21
31.06,1002.84,-0.22
31.15,1002.84,-0.23
31.15,1002.84,-0.24
31.24,1002.83,-0.24
31.24,1002.83,-0.24
31.31,1002.83,-0.24
31.31,1002.83,-0.24
31.38,1002.83,-0.24
31.38,1002.83,-0.24
31.44,1002.83,-0.23
31.44,1002.83,-0.23
31.49,1002.83,-0.23
31.49,1002.83,-0.23
31.53,1002.82,-0.22
31.53,1002.82,-0.22
31.58,1002.83,-0.22
31.58,1002.83,-0.22
31.63,1002.83,-0.23
31.63,1002.83,-0.23
31.67,1002.84,-0.24
31.67,1002.84,-0.24
31.71,1002.85,-0.25
31.71,1002.85,-0.27
31.75,1002.84,-0.28
31.75,1002.84,-0.28
31.79,1002.85,-0.3
31.79,1002.85,-0.31
31.82,1002.85,-0.32
31.82,1002.85,-0.33
31.85,1002.85,-0.33
31.85,1002.85,-0.34
31.89,1002.85,-0.35
31.89,1002.85,-0.35
31.92,1002.85,-0.36
31.92,1002.85,-0.36
31.95,1002.84,-0.35
31.95,1002.84,-0.35
31.98,1002.84,-0.35
31.98,1002.84,-0.35
32.01,1002.84,-0.35
32.01,1002.84,-0.35
32.04,1002.85,-0.36
32.04,1002.85,-0.37
32.07,1002.85,-0.37
32.07,1002.85,-0.37
32.1,1002.85,-0.37
32.1,1002.85,-0.38
32.12,1002.85,-0.38
32.12,1002.85,-0.38
32.15,1002.84,-0.38
32.15,1002.84,-0.37
32.17,1002.84,-0.37
32.17,1002.84,-0.37
32.19,1002.83,-0.36
32.19,1002.83,-0.35
32.21,1002.84,-0.35
32.21,1002.84,-0.34
32.23,1002.84,-0.34
32.23,1002.84,-0.34
32.26,1002.84,-0.34
32.26,1002.84,-0.34
32.28,1002.84,-0.34
32.28,1002.84,-0.33
32.3,1002.84,-0.33
32.3,1002.84,-0.33
32.32,1002.84,-0.33
32.32,1002.84,-0.33
32.34,1002.85,-0.34
32.34,1002.85,-0.34
32.36,1002.85,-0.35
32.36,1002.85,-0.35
32.38,1002.85,-0.35
32.38,1002.85,-0.35
32.4,1002.85,-0.36
32.4,1002.85,-0.37
32.42,1002.85,-0.37
32.42,1002.85,-0.37
32.44,1002.85,-0.38
32.44,1002.85,-0.38
32.46,1002.85,-0.38
32.46,1002.85,-0.39
32.48,1002.85,-0.39
32.48,1002.85,-0.4
32.5,1002.86,-0.4
32.5,1002.86,-0.41
32.51,1002.85,-0.41
32.51,1002.85,-0.4
32.53,1002.85,-0.4
32.53,1002.85,-0.4
32.54,1002.85,-0.4
32.54,1002.85,-0.4
32.56,1002.85,-0.41
32.56,1002.85,-0.41
32.57,1002.85,-0.41
32.57,1002.85,-0.42
32.59,1002.86,-0.42
32.59,1002.86,-0.43
32.6,1002.85,-0.43
32.6,1002.85,-0.42
32.62,1002.85,-0.42
32.62,1002.85,-0.42
32.63,1002.85,-0.42
32.63,1002.85,-0.41
32.65,1002.85,-0.42
32.65,1002.85,-0.42
32.66,1002.85,-0.42
32.66,1002.85,-0.42
32.67,1002.85,-0.42
32.67,1002.85,-0.42
32.68,1002.86,-0.43
32.68,1002.86,-0.43
32.69,1002.85,-0.43
32.69,1002.85,-0.43
32.71,1002.86,-0.44
32.71,1002.86,-0.44
32.72,1002.86,-0.45
32.72,1002.86,-0.45
32.73,1002.86,-0.46
32.73,1002.86,-0.47
32.75,1002.86,-0.46
32.75,1002.86,-0.46
32.75,1002.86,-0.46
32.75,1002.86,-0.46
32.76,1002.85,-0.46
32.76,1002.85,-0.46
32.77,1002.85,-0.46
32.77,1002.85,-0.45
32.78,1002.85,-0.45
32.78,1002.85,-0.44
32.79,1002.86,-0.44
32.79,1002.86,-0.45
32.8,1002.86,-0.45
32.8,1002.86,-0.45
32.8,1002.85,-0.45
32.8,1002.85,-0.44
32.81,1002.85,-0.44
32.81,1002.85,-0.44
32.82,1002.84,-0.43
32.82,1002.84,-0.42
32.83,1002.85,-0.42
32.83,1002.85,-0.42
32.83,1002.85,-0.41
32.83,1002.85,-0.41
32.84,1002.85,-0.4
32.84,1002.85,-0.4
32.85,1002.84,-0.39
32.85,1002.84,-0.39
32.85,1002.84,-0.38
32.85,1002.84,-0.38
32.86,1002.85,-0.38
32.86,1002.85,-0.38
32.86,1002.85,-0.38
32.86,1002.85,-0.38
32.87,1002.85,-0.38
32.87,1002.85,-0.38
32.88,1002.84,-0.38
32.88,1002.84,-0.38
32.89,1002.85,-0.38
32.89,1002.85,-0.38
32.89,1002.85,-0.39
32.89,1002.85,-0.39
32.89,1002.85,-0.39
32.89,1002.85,-0.4
32.9,1002.85,-0.4
32.9,1002.85,-0.39
32.91,1002.85,-0.4
32.91,1002.85,-0.4
32.92,1002.85,-0.4
32.92,1002.85,-0.41
32.93,1002.85,-0.41
32.93,1002.85,-0.41
32.93,1002.85,-0.41
32.93,1002.85,-0.41
32.94,1002.85,-0.41
32.94,1002.85,-0.41
32.95,1002.85,-0.42
32.95,1002.85,-0.42
32.95,1002.86,-0.43
32.95,1002.86,-0.44
32.96,1002.86,-0.45
32.96,1002.86,-0.45
32.97,1002.86,-0.46
32.97,1002.86,-0.46
32.97,1002.86,-0.46
32.97,1002.86,-0.46
32.98,1002.85,-0.46
32.98,1002.85,-0.46
32.98,1002.85,-0.46
32.98,1002.85,-0.45
32.99,1002.86,-0.45
32.99,1002.86,-0.46
33.0,1002.85,-0.45
33.0,1002.85,-0.45
33.01,1002.85,-0.45
33.01,1002.85,-0.45
33.01,1002.85,-0.44
33.01,1002.85,-0.44
33.02,1002.85,-0.44
33.02,1002.85,-0.43
33.02,1002.84,-0.42
33.02,1002.84,-0.42
33.02,1002.84,-0.4
33.02,1002.84,-0.4
33.03,1002.83,-0.38
33.03,1002.83,-0.37
33.03,1002.84,-0.37
33.03,1002.84,-0.36
33.04,1002.83,-0.35
33.04,1002.83,-0.34
33.04,1002.83,-0.33
33.04,1002.83,-0.32
33.05,1002.82,-0.31
33.05,1002.82,-0.3
33.06,1002.83,-0.29
33.06,1002.83,-0.29
33.06,1002.84,-0.29
33.06,1002.84,-0.29
33.07,1002.84,-0.29
33.07,1002.84,-0.29
33.07,1002.84,-0.29
33.07,1002.84,-0.29
33.08,1002.83,-0.29
33.08,1002.83,-0.28
33.09,1002.84,-0.28
33.09,1002.84,-0.28
33.09,1002.83,-0.28
33.09,1002.83,-0.28
33.09,1002.83,-0.28
33.09,1002.83,-0.28
33.09,1002.83,-0.27
33.09,1002.83,-0.27
33.09,1002.83,-0.27
33.09,1002.83,-0.26
33.1,1002.83,-0.26
33.1,1002.83,-0.26
33.1,1002.83,-0.26
33.1,1002.83,-0.26
33.11,1002.83,-0.26
33.11,1002.83,-0.25
33.11,1002.83,-0.25
33.11,1002.83,-0.25
33.11,1002.82,-0.24
33.11,1002.82,-0.24
33.11,1002.83,-0.24
33.11,1002.83,-0.24
33.11,1002.83,-0.24
33.11,1002.83,-0.24
33.12,1002.83,-0.24
33.12,1002.83,-0.24
33.12,1002.83,-0.24
33.12,1002.83,-0.24
33.12,1002.83,-0.25
33.12,1002.83,-0.25
33.13,1002.83,-0.25
33.13,1002.83,-0.24
33.13,1002.83,-0.25
33.13,1002.83,-0.25
33.14,1002.84,-0.26
33.14,1002.84,-0.26
33.14,1002.84,-0.27
33.14,1002.84,-0.27
33.15,1002.83,-0.27
33.15,1002.83,-0.27
33.16,1002.83,-0.26
33.16,1002.83,-0.26
33.16,1002.83,-0.25
33.16,1002.83,-0.25
33.17,1002.83,-0.25
33.17,1002.83,-0.25
33.18,1002.84,-0.26
33.18,1002.84,-0.27
33.18,1002.84,-0.27
33.18,1002.84,-0.28
33.19,1002.83,-0.28
33.19,1002.83,-0.28
33.19,1002.83,-0.28
33.19,1002.83,-0.27
33.19,1002.83,-0.27
33.19,1002.83,-0.26
33.2,1002.83,-0.26
33.2,1002.83,-0.27
33.2,1002.84,-0.27
33.2,1002.84,-0.27
33.21,1002.83,-0.26
33.21,1002.83,-0.26
33.21,1002.83,-0.26
33.21,1002.83,-0.25
33.21,1002.83,-0.25
33.21,1002.83,-0.25
33.21,1002.83,-0.24
33.21,1002.83,-0.24
33.21,1002.82,-0.24
33.21,1002.82,-0.23
33.22,1002.83,-0.23
33.22,1002.83,-0.22
33.23,1002.83,-0.22
33.23,1002.83,-0.22
33.23,1002.83,-0.23
33.23,1002.83,-0.23
33.23,1002.83,-0.23
33.23,1002.83,-0.24
33.23,1002.84,-0.25
33.23,1002.84,-0.25
33.24,1002.83,-0.25
33.24,1002.83,-0.25
33.24,1002.83,-0.25
33.24,1002.83,-0.25
33.24,1002.83,-0.25
33.24,1002.83,-0.25
33.24,1002.83,-0.25
33.24,1002.83,-0.25
33.24,1002.83,-0.25
33.24,1002.83,-0.25
33.25,1002.83,-0.25
33.25,1002.83,-0.25
33.25,1002.84,-0.26
33.25,1002.84,-0.26
33.25,1002.83,-0.26
33.25,1002.83,-0.26
33.26,1002.83,-0.26
33.26,1002.83,-0.26
33.26,1002.84,-0.26
33.26,1002.84,-0.27
33.27,1002.84,-0.27
33.27,1002.84,-0.27
33.28,1002.83,-0.27
33.28,1002.83,-0.27
33.28,1002.84,-0.28
33.28,1002.84,-0.28
33.29,1002.84,-0.29
33.29,1002.84,-0.29
33.29,1002.84,-0.29
33.29,1002.84,-0.29
33.3,1002.84,-0.3
33.3,1002.84,-0.3
33.31,1002.84,-0.3
33.31,1002.84,-0.3
33.31,1002.84,-0.31
33.31,1002.84,-0.31
33.31,1002.83,-0.31
33.31,1002.83,-0.31
33.31,1002.84,-0.3
33.31,1002.84,-0.3
33.32,1002.83,-0.29
33.32,1002.83,-0.29
33.32,1002.83,-0.28
33.32,1002.83,-0.28
33.32,1002.84,-0.28
33.32,1002.84,-0.28
33.32,1002.83,-0.28
33.32,1002.83,-0.28
33.33,1002.84,-0.28
33.33,1002.84,-0.28
33.33,1002.84,-0.28
33.33,1002.84,-0.29
33.34,1002.84,-0.29
33.34,1002.84,-0.3
33.34,1002.84,-0.3
33.34,1002.84,-0.31
33.34,1002.85,-0.31
33.34,1002.85,-0.32
33.35,1002.83,-0.32
33.35,1002.83,-0.31
33.35,1002.83,-0.31
33.35,1002.83,-0.3
33.35,1002.83,-0.3
33.35,1002.83,-0.29
33.36,1002.83,-0.29
33.36,1002.83,-0.29
33.36,1002.83,-0.29
33.36,1002.83,-0.28
33.36,1002.83,-0.28
33.36,1002.83,-0.28
33.37,1002.82,-0.27
33.37,1002.82,-0.26
33.37,1002.82,-0.25
33.37,1002.82,-0.24
33.37,1002.82,-0.23
33.37,1002.82,-0.23
33.37,1002.83,-0.23
33.37,1002.83,-0.23
33.37,1002.83,-0.22
33.37,1002.83,-0.22
33.38,1002.82,-0.22
33.38,1002.82,-0.21
33.38,1002.82,-0.21
33.38,1002.82,-0.2
33.39,1002.82,-0.2
33.39,1002.82,-0.2
33.39,1002.83,-0.21
33.39,1002.83,-0.21
33.4,1002.83,-0.21
33.4,1002.83,-0.21
33.41,1002.83,-0.21
33.41,1002.83,-0.21
33.41,1002.83,-0.22
33.41,1002.83,-0.22
33.42,1002.82,-0.22
33.42,1002.82,-0.22
33.42,1002.83,-0.22
33.42,1002.83,-0.22
33.42,1002.83,-0.22
33.42,1002.83,-0.23
33.43,1002.82,-0.22
33.43,1002.82,-0.22
33.43,1002.83,-0.22
33.43,1002.83,-0.22
33.44,1002.82,-0.22
33.44,1002.82,-0.21
33.44,1002.82,-0.21
33.44,1002.82,-0.2
33.45,1002.82,-0.19
33.45,1002.82,-0.19
33.45,1002.82,-0.19
33.45,1002.82,-0.18
33.46,1002.82,-0.18
33.46,1002.82,-0.18
33.46,1002.81,-0.17
33.46,1002.81,-0.16
33.46,1002.8,-0.15
33.46,1002.8,-0.13
33.47,1002.81,-0.13
33.47,1002.81,-0.12
33.47,1002.81,-0.12
33.47,1002.81,-0.11
33.47,1002.8,-0.1
33.47,1002.8,-0.1
33.48,1002.8,-0.08
33.48,1002.8,-0.08
33.48,1002.8,-0.07
33.48,1002.8,-0.06
33.48,1002.8,-0.05
33.48,1002.8,-0.05
33.48,1002.8,-0.04
33.48,1002.8,-0.04
33.48,1002.8,-0.03
33.48,1002.8,-0.03
33.49,1002.8,-0.03
33.49,1002.8,-0.03
33.49,1002.8,-0.02
33.49,1002.8,-0.01
33.5,1002.8,-0.01
33.5,1002.8,-0.01
33.5,1002.79,0.0
33.5,1002.79,0.01
33.5,1002.79,0.02
33.5,1002.79,0.02
33.51,1002.79,0.03
33.51,1002.79,0.03
33.51,1002.8,0.03
33.51,1002.8,0.04
33.52,1002.79,0.04
33.52,1002.79,0.04
33.52,1002.79,0.04
33.52,1002.79,0.05
33.52,1002.79,0.05
33.52,1002.79,0.06
33.52,1002.8,0.06
33.52,1002.8,0.05
33.52,1002.8,0.05
33.52,1002.8,0.05
33.52,1002.8,0.05
33.52,1002.8,0.05
33.52,1002.79,0.05
33.52,1002.79,0.06
33.51,1002.79,0.06
33.51,1002.79,0.07
33.51,1002.79,0.07
33.51,1002.79,0.07
33.52,1002.79,0.07
33.52,1002.79,0.07
33.52,1002.79,0.08
33.52,1002.79,0.08
33.52,1002.79,0.08
33.52,1002.79,0.09
33.52,1002.79,0.09
33.52,1002.79,0.08
33.52,1002.79,0.08
33.52,1002.79,0.08
33.52,1002.79,0.08
33.52,1002.79,0.08
33.53,1002.79,0.08
33.53,1002.79,0.08
33.53,1002.79,0.09
33.53,1002.79,0.09
33.53,1002.79,0.09
33.53,1002.79,0.09
33.53,1002.79,0.09
33.53,1002.79,0.08
33.53,1002.79,0.08
33.53,1002.79,0.08
33.53,1002.79,0.08
33.53,1002.79,0.08
33.53,1002.8,0.07
33.53,1002.8,0.07
33.54,1002.8,0.06
33.54,1002.8,0.05
33.54,1002.8,0.05
33.54,1002.8,0.05
33.54,1002.8,0.05
33.54,1002.8,0.04
33.54,1002.79,0.04
33.54,1002.79,0.05
33.54,1002.79,0.05
33.54,1002.79,0.05
33.55,1002.79,0.05
33.55,1002.79,0.06
33.55,1002.79,0.06
33.49,1002.81,0.05
33.49,1002.81,0.04
33.48,1002.81,0.03
33.48,1002.81,0.01
33.48,1002.81,0.0
33.48,1002.81,-0.01
33.49,1002.81,-0.02
33.49,1002.81,-0.02
33.5,1002.8,-0.02
33.5,1002.8,-0.02
33.51,1002.8,-0.02
33.51,1002.8,-0.01
33.52,1002.79,-0.0
33.52,1002.79,0.0
33.53,1002.8,0.0
33.53,1002.8,0.01
33.53,1002.8,0.01
33.53,1002.8,0.0
33.54,1002.8,0.0
33.54,1002.8,0.0
33.54,1002.81,-0.0
33.54,1002.81,-0.01
33.55,1002.8,-0.01
33.55,1002.8,-0.01
33.55,1002.8,-0.01
33.55,1002.8,-0.0
33.55,1002.79,0.0
33.55,1002.79,0.01
33.56,1002.79,0.02
33.56,1002.79,0.02
33.56,1002.79,0.03
33.56,1002.79,0.04
33.56,1002.79,0.04
33.56,1002.79,0.05
33.57,1002.78,0.06
33.57,1002.78,0.07
33.57,1002.79,0.08
33.57,1002.79,0.08
33.58,1002.79,0.08
33.58,1002.79,0.09
33.58,1002.79,0.08
33.58,1002.79,0.08
33.58,1002.79,0.08
33.58,1002.79,0.08
33.58,1002.79,0.08
33.58,1002.79,0.08
33.58,1002.79,0.08
33.58,1002.79,0.09
33.59,1002.79,0.09
33.59,1002.79,0.09
33.59,1002.79,0.09
33.59,1002.79,0.09
33.58,1002.79,0.09
33.58,1002.79,0.09
33.58,1002.79,0.09
33.58,1002.79,0.1
33.58,1002.79,0.1
33.58,1002.79,0.1
33.58,1002.79,0.1
33.58,1002.79,0.1
33.57,1002.79,0.1
33.57,1002.79,0.11
33.57,1002.78,0.11
33.57,1002.78,0.12
33.57,1002.78,0.12
33.57,1002.78,0.13
33.58,1002.78,0.13
33.58,1002.78,0.13
33.58,1002.79,0.13
33.58,1002.79,0.12
33.58,1002.79,0.12
33.58,1002.79,0.11
33.58,1002.78,0.12
33.58,1002.78,0.12
33.58,1002.79,0.12
33.58,1002.79,0.12
33.59,1002.79,0.12
33.59,1002.79,0.12
33.59,1002.79,0.12
33.59,1002.79,0.12
33.59,1002.79,0.11
33.59,1002.79,0.11
33.6,1002.79,0.11
33.6,1002.79,0.1
33.6,1002.79,0.1
33.6,1002.79,0.1
33.6,1002.79,0.09
33.6,1002.79,0.09
33.61,1002.79,0.09
33.61,1002.79,0.1
33.61,1002.78,0.1
33.61,1002.78,0.11
33.61,1002.78,0.12
33.61,1002.78,0.12
33.61,1002.79,0.11
33.61,1002.79,0.11
33.61,1002.8,0.1
33.61,1002.8,0.1
33.62,1002.8,0.09
33.62,1002.8,0.09
33.62,1002.79,0.08
33.62,1002.79,0.08
33.62,1002.78,0.09
33.62,1002.78,0.09
33.62,1002.79,0.1
33.62,1002.79,0.1
33.62,1002.78,0.11
33.62,1002.78,0.12
33.62,1002.79,0.12
33.62,1002.79,0.12
33.63,1002.78,0.12
33.63,1002.78,0.12
33.63,1002.78,0.13
33.63,1002.78,0.14
33.63,1002.79,0.14
33.63,1002.79,0.14
33.63,1002.79,0.13
33.63,1002.79,0.13
33.64,1002.79,0.13
33.64,1002.79,0.13
33.64,1002.79,0.13
33.64,1002.79,0.13
33.64,1002.79,0.12
33.64,1002.79,0.12
33.65,1002.79,0.12
33.65,1002.79,0.11
33.65,1002.79,0.11
33.65,1002.79,0.12
33.65,1002.79,0.11
33.65,1002.79,0.11
33.66,1002.79,0.11
33.66,1002.79,0.11
33.66,1002.79,0.11
33.66,1002.79,0.11
33.66,1002.79,0.11
33.66,1002.79,0.11
33.66,1002.79,0.11
33.66,1002.79,0.11
33.66,1002.79,0.11
33.66,1002.79,0.11
33.66,1002.79,0.1
33.66,1002.79,0.1
33.66,1002.79,0.1
33.66,1002.79,0.11
33.67,1002.79,0.11
33.67,1002.79,0.1
33.67,1002.79,0.1
33.67,1002.79,0.09
33.68,1002.8,0.09
33.68,1002.8,0.08
33.68,1002.8,0.08
33.68,1002.8,0.07
33.69,1002.8,0.07
33.69,1002.8,0.06
33.69,1002.81,0.05
33.69,1002.81,0.04
33.69,1002.8,0.04
33.69,1002.8,0.04
33.69,1002.8,0.03
33.69,1002.8,0.03
33.69,1002.8,0.03
33.69,1002.8,0.03
33.69,1002.8,0.03
33.69,1002.8,0.03
33.69,1002.79,0.03
33.69,1002.79,0.04
33.69,1002.79,0.04
33.69,1002.79,0.04
33.7,1002.79,0.05
33.7,1002.79,0.05
33.7,1002.8,0.05
33.7,1002.8,0.05
33.71,1002.8,0.05
33.71,1002.8,0.04
33.71,1002.81,0.03
33.71,1002.81,0.03
33.72,1002.81,0.02
33.72,1002.81,0.01
33.72,1002.8,0.01
33.72,1002.8,0.01
33.73,1002.8,0.01
33.73,1002.8,0.01
33.73,1002.8,0.01
33.73,1002.8,0.0
33.73,1002.8,0.0
33.73,1002.8,-0.0
33.74,1002.8,0.0
33.74,1002.8,0.0
33.74,1002.8,0.0
33.74,1002.8,-0.0
33.74,1002.8,-0.01
33.74,1002.8,-0.01
33.74,1002.8,-0.01
33.74,1002.8,-0.01
33.74,1002.81,-0.01
33.74,1002.81,-0.02
33.74,1002.8,-0.01
33.74,1002.8,-0.01
33.74,1002.8,-0.01
33.74,1002.8,-0.01
33.75,1002.81,-0.01
33.75,1002.81,-0.01
33.75,1002.82,-0.03
33.75,1002.82,-0.04
33.75,1002.82,-0.05
33.75,1002.82,-0.06
33.76,1002.81,-0.06
33.76,1002.81,-0.07
33.76,1002.82,-0.07
33.76,1002.82,-0.08
33.77,1002.82,-0.09
33.77,1002.82,-0.09
33.77,1002.81,-0.09
33.77,1002.81,-0.1
33.77,1002.81,-0.1
33.77,1002.81,-0.1
33.78,1002.82,-0.1
33.78,1002.82,-0.11
33.78,1002.82,-0.12
33.78,1002.82,-0.12
33.78,1002.82,-0.12
33.78,1002.82,-0.13
33.78,1002.82,-0.13
33.78,1002.82,-0.14
33.79,1002.82,-0.14
33.79,1002.82,-0.15
33.79,1002.83,-0.15
33.79,1002.83,-0.16
33.79,1002.82,-0.16
33.79,1002.82,-0.16
33.79,1002.82,-0.16
33.79,1002.82,-0.16
33.8,1002.82,-0.16
33.8,1002.82,-0.16
33.8,1002.82,-0.16
33.8,1002.82,-0.16
33.8,1002.82,-0.16
33.8,1002.82,-0.16
33.8,1002.82,-0.16
33.8,1002.82,-0.16
33.8,1002.83,-0.16
33.8,1002.83,-0.17
33.81,1002.82,-0.17
33.81,1002.82,-0.17
33.81,1002.83,-0.17
33.81,1002.83,-0.18
33.81,1002.82,-0.18
33.81,1002.82,-0.18
33.81,1002.82,-0.18
33.81,1002.82,-0.18
33.82,1002.83,-0.19
33.82,1002.83,-0.19
33.82,1002.84,-0.21
33.82,1002.84,-0.22
33.82,1002.84,-0.22
33.82,1002.84,-0.23
33.82,1002.84,-0.24
33.82,1002.84,-0.24
33.82,1002.84,-0.25
33.82,1002.84,-0.26
33.82,1002.84,-0.27
33.82,1002.84,-0.27
33.82,1002.84,-0.28
33.82,1002.84,-0.29
33.82,1002.85,-0.3
33.82,1002.85,-0.31
33.82,1002.84,-0.31
33.82,1002.84,-0.31
33.83,1002.83,-0.3
33.83,1002.83,-0.3
33.83,1002.82,-0.29
33.83,1002.82,-0.28
33.83,1002.83,-0.27
33.83,1002.83,-0.27
33.84,1002.83,-0.27
33.84,1002.83,-0.27
33.84,1002.82,-0.26
33.84,1002.82,-0.25
33.84,1002.83,-0.25
33.84,1002.83,-0.25
33.85,1002.83,-0.25
33.85,1002.83,-0.25
33.85,1002.83,-0.26
33.85,1002.83,-0.26
33.85,1002.83,-0.25
33.85,1002.83,-0.25
33.85,1002.83,-0.25
33.85,1002.83,-0.25
33.86,1002.83,-0.25
33.86,1002.83,-0.24
33.86,1002.82,-0.23
33.86,1002.82,-0.23
33.87,1002.84,-0.23
33.87,1002.84,-0.24
33.87,1002.83,-0.24
33.84,1002.83,-0.24
33.84,1002.83,-0.23
33.83,1002.83,-0.23
33.83,1002.83,-0.23
33.84,1002.83,-0.23
33.84,1002.83,-0.23
33.85,1002.83,-0.24
33.85,1002.83,-0.24
33.85,1002.83,-0.24
33.85,1002.83,-0.25
33.86,1002.83,-0.25
33.86,1002.83,-0.25
33.87,1002.83,-0.25
33.87,1002.83,-0.25
33.88,1002.83,-0.25
33.88,1002.83,-0.25
33.88,1002.83,-0.26
33.88,1002.83,-0.26
33.89,1002.83,-0.26
33.89,1002.83,-0.25
33.89,1002.83,-0.26
33.89,1002.83,-0.26
33.9,1002.84,-0.26
33.9,1002.84,-0.27
33.9,1002.83,-0.27
33.9,1002.83,-0.27
33.9,1002.84,-0.27
33.9,1002.84,-0.27
33.91,1002.84,-0.28
33.91,1002.84,-0.28
33.91,1002.84,-0.29
33.91,1002.84,-0.29
33.92,1002.84,-0.29
33.92,1002.84,-0.29
33.92,1002.83,-0.28
33.92,1002.83,-0.28
33.92,1002.83,-0.27
33.92,1002.83,-0.27
33.92,1002.83,-0.26
33.92,1002.83,-0.26
33.93,1002.83,-0.26
33.93,1002.83,-0.26
33.93,1002.83,-0.26
33.93,1002.83,-0.26
33.93,1002.84,-0.27
33.93,1002.84,-0.27
33.93,1002.84,-0.28
33.93,1002.84,-0.28
33.94,1002.84,-0.28
33.94,1002.84,-0.29
33.94,1002.84,-0.29
33.94,1002.84,-0.3
33.94,1002.84,-0.31
33.94,1002.84,-0.31
33.95,1002.84,-0.31
33.95,1002.84,-0.32
33.95,1002.84,-0.32
33.95,1002.84,-0.33
33.95,1002.84,-0.33
33.95,1002.84,-0.32
33.95,1002.83,-0.32
33.95,1002.83,-0.31
33.95,1002.83,-0.31
33.95,1002.83,-0.3
33.95,1002.83,-0.3
33.95,1002.83,-0.3
33.95,1002.83,-0.29
33.95,1002.83,-0.29
33.96,1002.83,-0.29
33.96,1002.83,-0.29
33.96,1002.83,-0.29
33.96,1002.83,-0.28
33.97,1002.84,-0.29
33.97,1002.84,-0.29
33.97,1002.84,-0.29
33.97,1002.84,-0.29
33.97,1002.83,-0.29
33.97,1002.83,-0.28
33.97,1002.83,-0.28
33.97,1002.83,-0.28
33.97,1002.83,-0.28
33.97,1002.83,-0.28
33.97,1002.83,-0.28
33.97,1002.83,-0.28
33.97,1002.83,-0.28
33.97,1002.83,-0.28
33.97,1002.82,-0.26
33.97,1002.82,-0.25
33.98,1002.82,-0.25
33.98,1002.82,-0.24
33.98,1002.83,-0.24
33.98,1002.83,-0.23
33.98,1002.82,-0.23
33.98,1002.82,-0.23
33.98,1002.83,-0.23
33.98,1002.83,-0.23
33.98,1002.83,-0.23
33.98,1002.83,-0.23
33.99,1002.84,-0.24
33.99,1002.84,-0.24
33.99,1002.84,-0.25
33.99,1002.84,-0.25
34.0,1002.83,-0.25
34.0,1002.83,-0.26
34.0,1002.83,-0.25
34.0,1002.83,-0.25
34.0,1002.82,-0.24
34.0,1002.82,-0.24
34.0,1002.83,-0.24
34.0,1002.83,-0.24
34.0,1002.83,-0.24
34.0,1002.83,-0.23
34.0,1002.83,-0.23
34.0,1002.83,-0.24
34.0,1002.83,-0.24
34.0,1002.83,-0.24
34.0,1002.83,-0.24
34.0,1002.83,-0.24
34.0,1002.83,-0.25
34.0,1002.83,-0.25
34.0,1002.83,-0.25
34.0,1002.83,-0.25
34.0,1002.82,-0.24
34.0,1002.82,-0.24
34.0,1002.83,-0.24
34.0,1002.83,-0.23
34.01,1002.83,-0.23
34.01,1002.83,-0.23
34.01,1002.83,-0.23
34.01,1002.83,-0.23
34.01,1002.83,-0.23
34.01,1002.83,-0.23
34.01,1002.83,-0.23
34.01,1002.83,-0.23
34.02,1002.83,-0.23
34.02,1002.83,-0.24
34.02,1002.83,-0.24
34.02,1002.83,-0.25
34.02,1002.83,-0.25
34.02,1002.83,-0.25
34.02,1002.83,-0.25
34.02,1002.83,-0.25
34.02,1002.83,-0.25
34.02,1002.83,-0.25
34.02,1002.84,-0.26
34.02,1002.84,-0.26
34.02,1002.84,-0.26
34.02,1002.84,-0.27
34.02,1002.84,-0.27
34.02,1002.84,-0.27
34.02,1002.84,-0.28
34.02,1002.84,-0.28
34.03,1002.83,-0.28
34.03,1002.83,-0.28
34.03,1002.83,-0.27
34.03,1002.83,-0.26
34.03,1002.83,-0.26
34.03,1002.83,-0.26
34.03,1002.83,-0.26
34.03,1002.83,-0.25
34.03,1002.83,-0.25
34.03,1002.83,-0.25
34.04,1002.83,-0.25
34.04,1002.83,-0.24
34.04,1002.82,-0.24
34.04,1002.82,-0.23
34.04,1002.83,-0.23
34.04,1002.83,-0.24
34.04,1002.83,-0.24
34.04,1002.83,-0.24
34.04,1002.82,-0.23
34.04,1002.82,-0.23
34.04,1002.83,-0.23
34.04,1002.83,-0.23
34.04,1002.83,-0.23
34.04,1002.83,-0.23
34.05,1002.82,-0.22
34.05,1002.82,-0.22
34.05,1002.83,-0.22
34.05,1002.83,-0.22
34.05,1002.83,-0.22
34.05,1002.83,-0.22
34.05,1002.83,-0.22
34.05,1002.83,-0.22
34.05,1002.83,-0.23
34.05,1002.83,-0.23
34.05,1002.83,-0.23
34.05,1002.83,-0.23
34.05,1002.83,-0.23
34.05,1002.83,-0.23
34.06,1002.83,-0.23
34.06,1002.83,-0.23
34.06,1002.83,-0.24
34.06,1002.83,-0.24
34.07,1002.84,-0.25
34.07,1002.84,-0.25
34.07,1002.83,-0.25
34.07,1002.83,-0.26
34.07,1002.83,-0.25
34.07,1002.83,-0.25
34.07,1002.83,-0.25
34.07,1002.83,-0.26
34.08,1002.84,-0.26
34.08,1002.84,-0.26
34.08,1002.84,-0.27
34.08,1002.84,-0.27
34.08,1002.83,-0.27
34.08,1002.83,-0.27
34.08,1002.83,-0.27
34.08,1002.83,-0.27
34.08,1002.83,-0.27
34.08,1002.83,-0.26
34.09,1002.83,-0.26
34.09,1002.83,-0.27
34.09,1002.83,-0.27
34.09,1002.83,-0.27
34.09,1002.83,-0.26
34.09,1002.83,-0.26
34.09,1002.83,-0.26
34.09,1002.83,-0.26
34.09,1002.83,-0.26
34.09,1002.83,-0.26
34.08,1002.83,-0.26
34.08,1002.83,-0.26
34.09,1002.83,-0.26
34.09,1002.83,-0.26
34.09,1002.83,-0.26
34.09,1002.83,-0.26
34.09,1002.83,-0.26
34.09,1002.83,-0.26
34.09,1002.83,-0.26
34.09,1002.83,-0.26
34.09,1002.84,-0.26
34.09,1002.84,-0.26
34.09,1002.83,-0.27
34.09,1002.83,-0.27
34.1,1002.83,-0.26
34.1,1002.83,-0.26
34.1,1002.83,-0.26
34.1,1002.83,-0.25
34.1,1002.83,-0.25
34.1,1002.83,-0.25
34.1,1002.83,-0.25
34.1,1002.83,-0.25
34.1,1002.83,-0.25
34.1,1002.83,-0.25
34.1,1002.83,-0.24
34.1,1002.83,-0.24
34.11,1002.83,-0.24
34.11,1002.83,-0.24
34.11,1002.83,-0.24
34.11,1002.83,-0.24
34.11,1002.83,-0.24
34.11,1002.83,-0.24
34.12,1002.83,-0.24
34.12,1002.83,-0.23
34.12,1002.82,-0.23
34.12,1002.82,-0.23
34.13,1002.82,-0.22
34.13,1002.82,-0.21
34.13,1002.82,-0.2
34.13,1002.82,-0.19
34.13,1002.82,-0.19
34.13,1002.82,-0.18
34.13,1002.82,-0.18
34.13,1002.82,-0.18
34.13,1002.82,-0.18
34.13,1002.82,-0.17
34.14,1002.83,-0.18
34.14,1002.83,-0.19
34.14,1002.83,-0.19
34.14,1002.83,-0.2
34.14,1002.83,-0.2
34.14,1002.83,-0.2
34.14,1002.83,-0.21
34.14,1002.83,-0.22
34.14,1002.83,-0.22
34.14,1002.83,-0.22
34.15,1002.83,-0.22
34.15,1002.83,-0.22
34.15,1002.84,-0.23
34.15,1002.84,-0.24
34.15,1002.83,-0.24
34.15,1002.83,-0.24
34.15,1002.84,-0.25
34.15,1002.84,-0.25
34.15,1002.84,-0.25
34.15,1002.84,-0.26
34.15,1002.84,-0.26
34.15,1002.84,-0.27
34.15,1002.84,-0.28
34.15,1002.84,-0.28
34.15,1002.83,-0.28
34.15,1002.83,-0.27
34.15,1002.83,-0.27
34.15,1002.83,-0.26
34.15,1002.82,-0.26
34.15,1002.82,-0.25
34.15,1002.82,-0.24
34.15,1002.82,-0.23
34.15,1002.82,-0.22
34.15,1002.82,-0.21
34.15,1002.83,-0.21
34.15,1002.83,-0.21
34.15,1002.83,-0.21
34.15,1002.83,-0.22
34.16,1002.83,-0.22
34.16,1002.83,-0.22
34.16,1002.82,-0.22
34.16,1002.82,-0.21
34.16,1002.82,-0.21
34.16,1002.82,-0.21
34.16,1002.83,-0.21
34.16,1002.83,-0.22
34.16,1002.83,-0.22
34.16,1002.83,-0.22
34.16,1002.83,-0.22
34.16,1002.83,-0.22
34.17,1002.84,-0.23
34.17,1002.84,-0.24
34.17,1002.83,-0.24
34.17,1002.83,-0.25
34.17,1002.83,-0.25
34.17,1002.83,-0.25
34.17,1002.83,-0.25
34.17,1002.83,-0.24
34.17,1002.82,-0.24
34.17,1002.82,-0.23
34.17,1002.82,-0.23
34.17,1002.82,-0.23
34.17,1002.82,-0.22
34.17,1002.82,-0.22
34.17,1002.83,-0.22
34.17,1002.83,-0.22
34.17,1002.83,-0.22
34.17,1002.83,-0.23
34.17,1002.83,-0.23
34.17,1002.83,-0.23
34.17,1002.83,-0.23
34.17,1002.83,-0.23
34.17,1002.83,-0.23
34.17,1002.83,-0.23
34.17,1002.83,-0.24
34.17,1002.83,-0.24
34.17,1002.83,-0.24
34.17,1002.83,-0.24
34.18,1002.83,-0.24
34.18,1002.83,-0.24
34.18,1002.84,-0.25
34.18,1002.84,-0.25
34.17,1002.84,-0.26
34.17,1002.84,-0.26
34.17,1002.84,-0.27
34.17,1002.84,-0.27
34.17,1002.83,-0.27
34.17,1002.83,-0.27
34.18,1002.84,-0.27
34.18,1002.84,-0.27
34.18,1002.83,-0.27
34.18,1002.83,-0.27
34.18,1002.84,-0.28
34.18,1002.84,-0.28
34.18,1002.84,-0.28
34.18,1002.84,-0.29
34.18,1002.84,-0.29
34.18,1002.84,-0.29
34.18,1002.84,-0.29
34.18,1002.84,-0.29
34.18,1002.84,-0.3
34.18,1002.84,-0.3
34.19,1002.84,-0.31
34.19,1002.84,-0.31
34.18,1002.85,-0.32
34.18,1002.85,-0.33
34.18,1002.85,-0.33
34.18,1002.85,-0.33
34.18,1002.84,-0.34
34.18,1002.84,-0.34
34.19,1002.84,-0.34
34.19,1002.84,-0.34
34.19,1002.84,-0.34
34.19,1002.84,-0.34
34.19,1002.85,-0.35
34.19,1002.85,-0.35
34.19,1002.84,-0.35
34.19,1002.84,-0.35
34.19,1002.84,-0.36
34.19,1002.84,-0.36
34.19,1002.84,-0.36
34.19,1002.84,-0.36
34.19,1002.85,-0.36
34.19,1002.85,-0.37
34.19,1002.85,-0.37
34.19,1002.85,-0.37
34.19,1002.84,-0.37
34.19,1002.84,-0.36
34.19,1002.85,-0.37
34.19,1002.85,-0.37
34.19,1002.85,-0.37
34.19,1002.85,-0.37
34.19,1002.84,-0.37
34.19,1002.84,-0.36
34.19,1002.84,-0.36
34.19,1002.84,-0.35
34.2,1002.84,-0.35
34.2,1002.84,-0.36
34.2,1002.84,-0.36
34.2,1002.84,-0.36
34.2,1002.84,-0.36
34.2,1002.84,-0.36
34.2,1002.84,-0.36
34.2,1002.84,-0.36
34.2,1002.84,-0.36
34.2,1002.84,-0.36
34.2,1002.85,-0.36
34.2,1002.85,-0.36
34.2,1002.85,-0.37
34.2,1002.85,-0.38
34.2,1002.84,-0.37
34.2,1002.84,-0.37
34.21,1002.84,-0.37
34.21,1002.84,-0.36
34.21,1002.84,-0.36
34.21,1002.84,-0.35
34.21,1002.84,-0.35
34.21,1002.84,-0.35
34.21,1002.84,-0.35
34.21,1002.84,-0.35
34.21,1002.84,-0.35
34.21,1002.84,-0.35
34.21,1002.85,-0.35
34.21,1002.85,-0.35
34.21,1002.84,-0.35
34.21,1002.84,-0.35
34.21,1002.84,-0.35
34.21,1002.84,-0.35
34.21,1002.84,-0.35
34.21,1002.84,-0.35
34.22,1002.85,-0.35
34.22,1002.85,-0.36
34.22,1002.85,-0.37
34.22,1002.85,-0.37
34.22,1002.85,-0.38
34.22,1002.85,-0.38
34.22,1002.85,-0.38
34.22,1002.85,-0.38
34.23,1002.85,-0.38
34.23,1002.85,-0.39
34.23,1002.86,-0.39
34.23,1002.86,-0.4
34.23,1002.86,-0.41
34.23,1002.86,-0.42
34.24,1002.86,-0.43
34.24,1002.86,-0.44
34.24,1002.86,-0.45
34.24,1002.86,-0.45
34.24,1002.86,-0.46
34.24,1002.86,-0.47
34.24,1002.85,-0.46
34.24,1002.85,-0.46
34.24,1002.85,-0.46
34.24,1002.85,-0.45
34.24,1002.85,-0.45
34.24,1002.85,-0.45
34.25,1002.85,-0.44
34.25,1002.85,-0.44
34.25,1002.85,-0.43
34.25,1002.85,-0.43
34.25,1002.85,-0.43
34.25,1002.85,-0.43
34.25,1002.85,-0.43
34.25,1002.85,-0.43
34.26,1002.85,-0.42
34.26,1002.85,-0.42
34.26,1002.85,-0.42
34.26,1002.85,-0.42
34.26,1002.85,-0.42
34.26,1002.85,-0.42
34.26,1002.86,-0.43
34.26,1002.86,-0.43
34.27,1002.86,-0.43
34.27,1002.86,-0.43
34.27,1002.86,-0.44
34.27,1002.86,-0.44
34.27,1002.86,-0.45
34.27,1002.86,-0.45
34.28,1002.85,-0.45
34.28,1002.85,-0.45
34.28,1002.85,-0.45
34.28,1002.85,-0.45
34.28,1002.86,-0.45
34.28,1002.86,-0.45
34.28,1002.86,-0.46
34.28,1002.86,-0.46
34.28,1002.87,-0.47
34.28,1002.87,-0.48
34.28,1002.86,-0.48
34.28,1002.86,-0.49
34.29,1002.87,-0.5
34.29,1002.87,-0.5
34.29,1002.87,-0.51
34.29,1002.87,-0.52
34.29,1002.87,-0.52
34.29,1002.87,-0.53
34.29,1002.87,-0.53
34.29,1002.87,-0.53
34.29,1002.86,-0.53
34.29,1002.86,-0.52
34.3,1002.86,-0.52
34.3,1002.86,-0.51
34.3,1002.85,-0.5
34.3,1002.85,-0.5
34.3,1002.86,-0.49
34.3,1002.86,-0.49
34.3,1002.85,-0.48
34.3,1002.85,-0.47
34.31,1002.85,-0.47
34.31,1002.85,-0.46
34.3,1002.86,-0.46
34.3,1002.86,-0.46
34.31,1002.86,-0.47
34.31,1002.86,-0.47
34.31,1002.86,-0.47
34.31,1002.86,-0.47
34.31,1002.85,-0.47
34.31,1002.85,-0.47
34.32,1002.86,-0.47
34.32,1002.86,-0.47
34.32,1002.86,-0.47
34.32,1002.86,-0.47
34.32,1002.87,-0.48
34.32,1002.87,-0.48
34.32,1002.86,-0.49
34.32,1002.86,-0.49
34.32,1002.87,-0.5
34.32,1002.87,-0.51
34.33,1002.86,-0.51
34.33,1002.86,-0.51
34.33,1002.86,-0.51
34.33,1002.86,-0.51
34.33,1002.86,-0.51
34.33,1002.86,-0.51
34.34,1002.87,-0.51
34.34,1002.87,-0.51
34.34,1002.86,-0.52
34.34,1002.86,-0.52
34.34,1002.87,-0.52
34.34,1002.87,-0.53
34.34,1002.86,-0.53
34.34,1002.86,-0.53
34.33,1002.86,-0.52
34.33,1002.86,-0.52
34.33,1002.86,-0.52
34.33,1002.86,-0.52
34.34,1002.86,-0.52
34.34,1002.86,-0.51
34.34,1002.86,-0.51
34.34,1002.86,-0.51
34.34,1002.85,-0.5
34.34,1002.85,-0.5
34.35,1002.86,-0.5
34.35,1002.86,-0.5
34.34,1002.86,-0.5
34.34,1002.86,-0.5
34.35,1002.86,-0.5
34.35,1002.86,-0.5
34.35,1002.86,-0.5
34.35,1002.86,-0.5
34.35,1002.86,-0.5
34.35,1002.86,-0.5
34.35,1002.86,-0.51
34.35,1002.86,-0.51
34.35,1002.86,-0.51
34.35,1002.86,-0.51
34.35,1002.86,-0.5
34.35,1002.86,-0.5
34.35,1002.85,-0.49
34.35,1002.85,-0.49
34.35,1002.85,-0.48
34.35,1002.85,-0.48
34.35,1002.86,-0.48
34.35,1002.86,-0.47
34.35,1002.86,-0.48
34.35,1002.86,-0.48
34.36,1002.86,-0.48
34.36,1002.86,-0.49
34.36,1002.86,-0.49
34.36,1002.86,-0.49
34.36,1002.87,-0.5
34.36,1002.87,-0.51
34.36,1002.87,-0.52
34.36,1002.87,-0.52
34.36,1002.87,-0.53
34.36,1002.87,-0.54
34.36,1002.87,-0.54
34.36,1002.87,-0.54
34.36,1002.87,-0.54
34.36,1002.87,-0.54
34.37,1002.87,-0.54
34.37,1002.87,-0.54
34.37,1002.87,-0.55
34.37,1002.87,-0.55
34.37,1002.87,-0.55
34.37,1002.87,-0.55
34.37,1002.88,-0.56
34.37,1002.88,-0.57
34.38,1002.87,-0.57
34.38,1002.87,-0.57
34.38,1002.87,-0.57
34.38,1002.87,-0.57
34.38,1002.87,-0.57
34.38,1002.87,-0.58
34.39,1002.88,-0.59
34.39,1002.88,-0.59
34.39,1002.88,-0.6
34.39,1002.88,-0.6
34.39,1002.87,-0.6
34.39,1002.87,-0.6
34.39,1002.88,-0.61
34.39,1002.88,-0.61
34.39,1002.87,-0.61
34.39,1002.87,-0.61
34.38,1002.87,-0.61
34.38,1002.87,-0.61
34.38,1002.87,-0.61
34.38,1002.87,-0.61
34.37,1002.88,-0.61
34.37,1002.88,-0.62
34.37,1002.88,-0.62
34.37,1002.88,-0.62
34.37,1002.88,-0.63
34.37,1002.88,-0.63
34.37,1002.88,-0.64
34.37,1002.88,-0.64
34.37,1002.88,-0.64
34.37,1002.88,-0.64
34.36,1002.88,-0.64
34.36,1002.88,-0.64
34.36,1002.87,-0.64
34.36,1002.87,-0.64
34.36,1002.88,-0.64
34.36,1002.88,-0.63
34.36,1002.87,-0.63
34.36,1002.87,-0.63
34.36,1002.88,-0.63
34.36,1002.88,-0.63
34.36,1002.87,-0.63
34.36,1002.87,-0.63
34.36,1002.87,-0.62
34.36,1002.87,-0.62
34.36,1002.87,-0.61
34.36,1002.87,-0.61
34.36,1002.87,-0.61
34.36,1002.87,-0.61
34.36,1002.88,-0.61
34.36,1002.88,-0.61
34.37,1002.89,-0.62
34.37,1002.89,-0.63
34.37,1002.88,-0.63
34.37,1002.88,-0.64
34.37,1002.88,-0.64
34.37,1002.88,-0.64
34.37,1002.88,-0.65
34.37,1002.88,-0.65
34.37,1002.88,-0.65
34.37,1002.88,-0.65
34.37,1002.88,-0.65
34.37,1002.88,-0.65
34.37,1002.87,-0.65
34.37,1002.87,-0.64
34.37,1002.87,-0.64
34.37,1002.87,-0.63
34.37,1002.88,-0.63
34.37,1002.88,-0.63
34.37,1002.88,-0.63
34.37,1002.88,-0.63
34.37,1002.88,-0.63
34.37,1002.88,-0.63
34.37,1002.88,-0.64
34.37,1002.88,-0.64
34.37,1002.87,-0.64
34.37,1002.87,-0.63
34.37,1002.87,-0.63
34.37,1002.87,-0.62
34.37,1002.87,-0.62
34.37,1002.87,-0.61
34.37,1002.86,-0.6
34.37,1002.86,-0.59
34.36,1002.86,-0.58
34.36,1002.86,-0.58
34.36,1002.86,-0.57
34.36,1002.86,-0.57
34.35,1002.87,-0.57
34.35,1002.87,-0.57
34.35,1002.88,-0.57
34.35,1002.88,-0.58
34.35,1002.87,-0.58
34.35,1002.87,-0.58
34.35,1002.87,-0.58
34.35,1002.87,-0.59
34.35,1002.87,-0.58
34.35,1002.87,-0.58
34.36,1002.87,-0.58
34.36,1002.87,-0.58
34.36,1002.88,-0.59
34.36,1002.88,-0.59
34.36,1002.88,-0.6
34.36,1002.88,-0.6
34.37,1002.87,-0.6
34.37,1002.87,-0.6
34.37,1002.87,-0.59
34.37,1002.87,-0.59
34.37,1002.87,-0.58
34.37,1002.87,-0.58
34.37,1002.86,-0.58
34.37,1002.86,-0.57
34.38,1002.87,-0.57
34.38,1002.87,-0.57
34.38,1002.87,-0.57
34.38,1002.87,-0.57
34.37,1002.87,-0.57
34.37,1002.87,-0.58
34.37,1002.87,-0.58
34.37,1002.87,-0.58
34.37,1002.88,-0.58
34.37,1002.88,-0.59
34.37,1002.87,-0.59
34.37,1002.87,-0.59
34.37,1002.88,-0.59
34.37,1002.88,-0.59
34.37,1002.88,-0.6
34.37,1002.88,-0.6
34.37,1002.87,-0.6
34.37,1002.87,-0.6
34.37,1002.87,-0.6
34.37,1002.87,-0.6
34.37,1002.87,-0.6
34.37,1002.87,-0.6
34.37,1002.87,-0.6
34.37,1002.87,-0.6
34.37,1002.87,-0.59
34.37,1002.87,-0.59
34.36,1002.87,-0.59
34.36,1002.87,-0.59
34.37,1002.87,-0.58
34.37,1002.87,-0.58
34.37,1002.87,-0.58
34.37,1002.87,-0.58
34.37,1002.86,-0.57
34.37,1002.86,-0.56
34.37,1002.86,-0.56
34.37,1002.86,-0.55
34.37,1002.87,-0.55
34.37,1002.87,-0.55
34.37,1002.87,-0.56
34.37,1002.87,-0.56
34.38,1002.88,-0.57
34.38,1002.88,-0.58
34.38,1002.88,-0.59
34.38,1002.88,-0.6
34.38,1002.89,-0.61
34.38,1002.89,-0.62
34.38,1002.89,-0.64
34.38,1002.89,-0.65
34.37,1002.88,-0.65
34.37,1002.88,-0.66
34.37,1002.89,-0.66
34.37,1002.89,-0.67
34.37,1002.89,-0.67
34.37,1002.89,-0.68
34.37,1002.89,-0.68
34.37,1002.89,-0.69
34.37,1002.89,-0.69
34.37,1002.89,-0.7
34.37,1002.89,-0.7
34.37,1002.89,-0.71
34.36,1002.89,-0.71
34.36,1002.89,-0.71
34.36,1002.88,-0.71
34.36,1002.88,-0.71
34.36,1002.89,-0.71
34.36,1002.89,-0.71
34.36,1002.89,-0.71
34.36,1002.89,-0.71
34.36,1002.88,-0.71
34.36,1002.88,-0.71
34.36,1002.88,-0.71
34.36,1002.88,-0.71
34.36,1002.88,-0.7
34.36,1002.88,-0.7
34.36,1002.87,-0.69
34.36,1002.87,-0.68
34.36,1002.87,-0.67
34.36,1002.87,-0.66
34.37,1002.87,-0.65
34.37,1002.87,-0.65
34.37,1002.88,-0.65
34.37,1002.88,-0.64
34.37,1002.88,-0.64
34.37,1002.88,-0.64
34.38,1002.88,-0.64
34.38,1002.88,-0.65
34.38,1002.89,-0.66
34.38,1002.89,-0.67
34.38,1002.89,-0.68
34.38,1002.89,-0.68
34.38,1002.88,-0.68
34.38,1002.88,-0.68
34.38,1002.89,-0.69
34.38,1002.89,-0.69
34.38,1002.88,-0.69
34.38,1002.88,-0.68
34.38,1002.88,-0.68
34.38,1002.88,-0.68
34.39,1002.89,-0.69
34.39,1002.89,-0.69
34.39,1002.88,-0.69
34.39,1002.88,-0.69
34.39,1002.89,-0.69
34.39,1002.89,-0.69
34.39,1002.88,-0.69
34.39,1002.88,-0.69
34.39,1002.89,-0.7
34.39,1002.89,-0.7
34.39,1002.89,-0.71
34.39,1002.89,-0.71
34.39,1002.89,-0.71
34.39,1002.89,-0.72
34.39,1002.88,-0.71
34.39,1002.88,-0.71
34.39,1002.89,-0.71
34.39,1002.89,-0.71
34.39,1002.88,-0.71
34.39,1002.88,-0.71
34.39,1002.88,-0.71
34.39,1002.88,-0.71
34.39,1002.88,-0.71
34.39,1002.88,-0.71
34.4,1002.88,-0.7
34.4,1002.88,-0.7
34.4,1002.89,-0.7
34.4,1002.89,-0.7
34.4,1002.88,-0.7
34.4,1002.88,-0.69
34.4,1002.88,-0.68
34.4,1002.88,-0.68
34.4,1002.89,-0.68
34.4,1002.89,-0.68
34.41,1002.89,-0.69
34.41,1002.89,-0.69
34.41,1002.89,-0.7
34.41,1002.89,-0.71
34.41,1002.89,-0.71
34.41,1002.89,-0.72
34.41,1002.89,-0.72
34.41,1002.89,-0.72
34.41,1002.89,-0.72
34.41,1002.89,-0.73
34.41,1002.9,-0.73
34.41,1002.9,-0.74
34.41,1002.9,-0.75
34.41,1002.9,-0.75
34.41,1002.89,-0.76
34.41,1002.89,-0.76
34.4,1002.89,-0.76
34.4,1002.89,-0.76
34.41,1002.9,-0.77
34.41,1002.9,-0.77
34.41,1002.89,-0.77
34.41,1002.89,-0.77
34.41,1002.89,-0.76
34.41,1002.89,-0.76
34.41,1002.89,-0.76
34.41,1002.89,-0.77
34.41,1002.89,-0.77
34.41,1002.89,-0.76
34.41,1002.89,-0.77
34.41,1002.89,-0.77
34.41,1002.89,-0.77
34.41,1002.89,-0.77
34.41,1002.9,-0.77
34.41,1002.9,-0.77
34.41,1002.9,-0.78
34.41,1002.9,-0.78
34.41,1002.89,-0.78
34.41,1002.89,-0.78
34.41,1002.89,-0.78
34.41,1002.89,-0.77
34.41,1002.9,-0.78
34.41,1002.9,-0.78
34.42,1002.9,-0.78
34.42,1002.9,-0.79
34.42,1002.9,-0.79
34.42,1002.9,-0.79
34.42,1002.9,-0.79
34.42,1002.9,-0.8
34.43,1002.89,-0.79
34.43,1002.89,-0.79
34.43,1002.89,-0.78
34.43,1002.89,-0.78
34.43,1002.89,-0.77
34.43,1002.89,-0.77
34.43,1002.89,-0.77
34.43,1002.89,-0.77
34.43,1002.89,-0.77
34.43,1002.89,-0.77
34.42,1002.89,-0.77
34.42,1002.89,-0.76
34.43,1002.89,-0.76
34.43,1002.89,-0.77
34.43,1002.9,-0.77
34.43,1002.9,-0.77
34.43,1002.89,-0.77
34.43,1002.89,-0.77
34.44,1002.9,-0.78
34.44,1002.9,-0.78
34.44,1002.91,-0.79
34.44,1002.91,-0.8
34.44,1002.9,-0.81
34.44,1002.9,-0.81
34.44,1002.9,-0.81
34.44,1002.9,-0.82
34.44,1002.9,-0.82
34.44,1002.9,-0.82
34.44,1002.9,-0.83
34.44,1002.9,-0.83
34.44,1002.91,-0.84
34.44,1002.91,-0.85
34.44,1002.91,-0.86
34.44,1002.91,-0.86
34.44,1002.9,-0.86
34.44,1002.9,-0.86
34.45,1002.91,-0.86
34.45,1002.91,-0.86
34.45,1002.9,-0.86
34.45,1002.9,-0.86
34.45,1002.9,-0.86
34.45,1002.9,-0.85
34.46,1002.9,-0.86
34.46,1002.9,-0.86
34.46,1002.9,-0.86
34.46,1002.9,-0.86
34.46,1002.91,-0.86
34.46,1002.91,-0.86
34.46,1002.91,-0.87
34.46,1002.91,-0.87
34.46,1002.9,-0.87
34.46,1002.9,-0.86
34.46,1002.89,-0.85
34.46,1002.89,-0.84
34.46,1002.89,-0.84
34.46,1002.89,-0.83
34.45,1002.89,-0.83
34.45,1002.89,-0.82
34.46,1002.89,-0.81
34.46,1002.89,-0.81
34.46,1002.89,-0.8
34.46,1002.89,-0.8
34.46,1002.89,-0.8
34.46,1002.89,-0.8
34.46,1002.89,-0.79
34.46,1002.89,-0.79
34.46,1002.89,-0.79
34.46,1002.89,-0.79
34.46,1002.9,-0.79
34.46,1002.9,-0.79
34.46,1002.9,-0.79
34.46,1002.9,-0.8
34.46,1002.9,-0.8
34.46,1002.9,-0.8
34.47,1002.9,-0.81
34.47,1002.9,-0.82
34.47,1002.9,-0.82
34.47,1002.9,-0.82
34.47,1002.9,-0.81
34.47,1002.9,-0.81
34.48,1002.9,-0.82
34.48,1002.9,-0.82
34.48,1002.9,-0.82
34.48,1002.9,-0.83
34.48,1002.9,-0.83
34.48,1002.9,-0.83
34.48,1002.9,-0.83
34.48,1002.9,-0.83
34.48,1002.91,-0.84
34.48,1002.91,-0.84
34.48,1002.91,-0.85
34.48,1002.91,-0.85
34.48,1002.9,-0.85
34.48,1002.9,-0.85
34.48,1002.9,-0.85
34.48,1002.9,-0.85
34.49,1002.9,-0.85
34.49,1002.9,-0.84
34.49,1002.9,-0.84
34.49,1002.9,-0.84
34.49,1002.9,-0.84
34.49,1002.9,-0.84
34.49,1002.91,-0.85
34.49,1002.91,-0.85
34.49,1002.91,-0.86
34.49,1002.91,-0.87
34.49,1002.91,-0.87
34.49,1002.91,-0.87
34.49,1002.91,-0.87
34.49,1002.91,-0.87
34.49,1002.91,-0.87
34.49,1002.91,-0.87
34.49,1002.91,-0.88
34.49,1002.91,-0.88
34.49,1002.91,-0.88
34.49,1002.91,-0.88
34.49,1002.9,-0.88
34.49,1002.9,-0.87
34.49,1002.91,-0.87
34.49,1002.91,-0.88
34.48,1002.91,-0.88
34.48,1002.91,-0.89
34.48,1002.91,-0.89
34.48,1002.91,-0.89
34.49,1002.91,-0.89
34.49,1002.91,-0.89
34.49,1002.9,-0.89
34.49,1002.9,-0.89
34.49,1002.91,-0.88
34.49,1002.91,-0.88
34.49,1002.9,-0.88
34.49,1002.9,-0.88
34.49,1002.9,-0.88
34.49,1002.9,-0.88
34.49,1002.91,-0.88
34.49,1002.91,-0.88
34.5,1002.91,-0.88
34.5,1002.91,-0.88
34.5,1002.9,-0.88
34.5,1002.9,-0.87
34.5,1002.91,-0.87
34.5,1002.91,-0.87
34.5,1002.91,-0.87
34.5,1002.91,-0.87
34.5,1002.9,-0.87
34.5,1002.9,-0.86
34.5,1002.9,-0.86
34.5,1002.9,-0.85
34.5,1002.9,-0.85
34.5,1002.9,-0.85
34.51,1002.91,-0.86
34.51,1002.91,-0.86
34.51,1002.91,-0.86
34.51,1002.91,-0.87
34.52,1002.91,-0.87
34.52,1002.91,-0.88
34.52,1002.91,-0.88
34.52,1002.91,-0.88
34.52,1002.91,-0.88
34.52,1002.91,-0.88
34.52,1002.91,-0.89
34.52,1002.91,-0.89
34.52,1002.91,-0.89
34.52,1002.91,-0.89
34.53,1002.9,-0.88
34.53,1002.9,-0.88
34.53,1002.9,-0.87
34.53,1002.9,-0.87
34.53,1002.9,-0.87
34.53,1002.9,-0.86
34.53,1002.91,-0.87
34.53,1002.91,-0.87
34.53,1002.91,-0.88
34.53,1002.91,-0.88
34.53,1002.9,-0.88
34.53,1002.9,-0.88
34.53,1002.9,-0.87
34.53,1002.9,-0.87
34.53,1002.9,-0.87
34.53,1002.9,-0.87
34.53,1002.91,-0.87
34.53,1002.91,-0.88
34.53,1002.92,-0.89
34.53,1002.92,-0.9
34.53,1002.91,-0.91
34.53,1002.91,-0.91
34.53,1002.91,-0.91
34.53,1002.91,-0.91
34.53,1002.91,-0.91
34.53,1002.91,-0.91
34.53,1002.91,-0.91
34.53,1002.91,-0.91
34.53,1002.91,-0.92
34.53,1002.91,-0.92
34.53,1002.91,-0.92
34.53,1002.91,-0.93
34.53,1002.92,-0.93
34.53,1002.92,-0.94
34.53,1002.92,-0.94
34.53,1002.92,-0.95
34.53,1002.92,-0.95
34.53,1002.92,-0.96
34.53,1002.92,-0.96
34.53,1002.92,-0.96
34.53,1002.92,-0.96
34.53,1002.92,-0.96
34.53,1002.92,-0.96
34.53,1002.92,-0.97
34.53,1002.93,-0.98
34.53,1002.93,-0.99
34.53,1002.92,-0.99
34.53,1002.92,-0.99
34.54,1002.92,-0.99
34.54,1002.92,-0.99
34.54,1002.91,-0.98
34.54,1002.91,-0.98
34.54,1002.91,-0.97
34.54,1002.91,-0.96
34.54,1002.91,-0.96
34.54,1002.91,-0.95
34.54,1002.91,-0.95
34.54,1002.91,-0.94
34.54,1002.91,-0.94
34.54,1002.91,-0.94
34.54,1002.91,-0.94
34.54,1002.91,-0.94
34.55,1002.91,-0.93
34.55,1002.91,-0.93
34.55,1002.91,-0.92
34.55,1002.91,-0.92
34.55,1002.9,-0.91
34.55,1002.9,-0.91
34.55,1002.91,-0.9
34.55,1002.91,-0.9
34.55,1002.9,-0.89
34.55,1002.9,-0.89
34.55,1002.9,-0.88
34.55,1002.9,-0.88
34.55,1002.9,-0.88
34.55,1002.9,-0.87
34.55,1002.91,-0.87
34.55,1002.91,-0.87
34.55,1002.91,-0.88
34.55,1002.91,-0.88
34.55,1002.9,-0.88
34.55,1002.9,-0.88
34.54,1002.89,-0.87
34.54,1002.89,-0.86
34.54,1002.89,-0.85
34.54,1002.89,-0.85
34.55,1002.91,-0.85
34.55,1002.91,-0.85
34.54,1002.9,-0.85
34.54,1002.9,-0.85
34.55,1002.91,-0.86
34.55,1002.91,-0.86
34.55,1002.91,-0.87
34.55,1002.91,-0.88
34.55,1002.91,-0.88
34.55,1002.91,-0.88
34.55,1002.91,-0.88
34.55,1002.91,-0.88
34.54,1002.9,-0.88
34.54,1002.9,-0.87
34.54,1002.91,-0.88
34.54,1002.91,-0.88
34.54,1002.92,-0.89
34.54,1002.92,-0.9
34.55,1002.92,-0.91
34.55,1002.92,-0.92
34.55,1002.92,-0.93
34.55,1002.92,-0.93
34.55,1002.91,-0.93
34.55,1002.91,-0.93
34.55,1002.91,-0.94
34.55,1002.91,-0.94
34.55,1002.92,-0.94
34.55,1002.92,-0.95
34.55,1002.92,-0.95
34.55,1002.92,-0.95
34.55,1002.92,-0.96
34.55,1002.92,-0.97
34.55,1002.92,-0.97
34.55,1002.92,-0.97
34.55,1002.91,-0.97
34.55,1002.91,-0.97
34.55,1002.92,-0.97
34.55,1002.92,-0.97
34.56,1002.92,-0.97
34.56,1002.92,-0.97
34.56,1002.91,-0.97
34.56,1002.91,-0.97
34.56,1002.91,-0.97
34.56,1002.91,-0.96
34.55,1002.91,-0.96
34.55,1002.91,-0.95
34.55,1002.91,-0.95
34.55,1002.91,-0.94
34.56,1002.91,-0.94
34.56,1002.91,-0.94
34.56,1002.91,-0.93
34.56,1002.91,-0.93
34.56,1002.91,-0.93
34.56,1002.91,-0.93
34.56,1002.92,-0.93
34.56,1002.92,-0.93
34.56,1002.91,-0.94
34.56,1002.91,-0.94
34.57,1002.91,-0.94
34.57,1002.91,-0.93
34.56,1002.91,-0.93
34.56,1002.91,-0.93
34.57,1002.91,-0.93
34.57,1002.91,-0.93
34.57,1002.91,-0.93
34.57,1002.91,-0.92
34.57,1002.9,-0.92
34.57,1002.9,-0.91
34.57,1002.9,-0.91
34.57,1002.9,-0.9
34.57,1002.9,-0.89
34.57,1002.9,-0.89
34.57,1002.9,-0.88
34.57,1002.9,-0.88
34.57,1002.9,-0.88
34.57,1002.9,-0.88
34.57,1002.9,-0.88
34.57,1002.9,-0.88
34.57,1002.91,-0.88
34.57,1002.91,-0.88
34.57,1002.91,-0.89
34.57,1002.91,-0.89
34.57,1002.91,-0.89
34.57,1002.91,-0.9
34.58,1002.9,-0.89
34.58,1002.9,-0.89
34.58,1002.91,-0.89
34.58,1002.91,-0.9
34.59,1002.91,-0.9
34.59,1002.91,-0.9
34.59,1002.91,-0.9
34.59,1002.91,-0.89
34.59,1002.91,-0.89
34.59,1002.91,-0.89
34.6,1002.91,-0.89
34.6,1002.91,-0.9
34.61,1002.91,-0.9
34.61,1002.91,-0.9
34.61,1002.92,-0.91
34.61,1002.92,-0.92
34.61,1002.92,-0.93
34.61,1002.92,-0.94
34.61,1002.93,-0.95
34.61,1002.93,-0.96
34.61,1002.93,-0.97
34.61,1002.93,-0.98
34.62,1002.92,-0.98
34.62,1002.92,-0.99
34.62,1002.92,-0.99
34.62,1002.92,-0.99
34.62,1002.92,-0.99
34.62,1002.92,-0.99
34.62,1002.91,-0.98
34.62,1002.91,-0.98
34.62,1002.92,-0.98
34.62,1002.92,-0.98
34.62,1002.91,-0.97
34.62,1002.91,-0.97
34.62,1002.91,-0.96
34.62,1002.91,-0.96
34.63,1002.91,-0.96
34.63,1002.91,-0.95
34.63,1002.91,-0.95
34.63,1002.91,-0.94
34.63,1002.9,-0.93
34.63,1002.9,-0.92
34.64,1002.9,-0.91
34.64,1002.9,-0.91
34.63,1002.9,-0.9
34.63,1002.9,-0.9
34.64,1002.91,-0.9
34.64,1002.91,-0.9
34.64,1002.91,-0.9
34.64,1002.91,-0.9
34.64,1002.91,-0.89
34.64,1002.91,-0.89
34.64,1002.91,-0.9
34.64,1002.91,-0.9
34.64,1002.91,-0.9
34.64,1002.91,-0.89
34.65,1002.9,-0.89
34.65,1002.9,-0.88
34.65,1002.9,-0.88
34.65,1002.9,-0.88
34.65,1002.91,-0.88
34.65,1002.91,-0.88
34.66,1002.91,-0.89
34.66,1002.91,-0.89
34.66,1002.92,-0.9
34.66,1002.92,-0.91
34.66,1002.92,-0.92
34.66,1002.92,-0.93
34.67,1002.92,-0.93
34.67,1002.92,-0.94
34.67,1002.92,-0.95
34.67,1002.92,-0.95
34.67,1002.92,-0.95
34.67,1002.92,-0.95
34.67,1002.91,-0.95
34.67,1002.91,-0.95
34.67,1002.92,-0.96
34.67,1002.92,-0.96
34.67,1002.92,-0.96
34.67,1002.92,-0.97
34.67,1002.92,-0.97
34.67,1002.92,-0.97
34.68,1002.91,-0.96
34.68,1002.91,-0.96
34.67,1002.91,-0.95
34.67,1002.91,-0.95
34.67,1002.91,-0.94
34.67,1002.91,-0.94
34.67,1002.91,-0.94
34.67,1002.91,-0.93
34.68,1002.91,-0.93
34.68,1002.91,-0.93
34.68,1002.91,-0.93
34.68,1002.91,-0.94
34.68,1002.91,-0.93
34.68,1002.91,-0.93
34.68,1002.91,-0.93
34.68,1002.91,-0.94
34.69,1002.92,-0.94
34.69,1002.92,-0.95
34.69,1002.92,-0.95
34.69,1002.92,-0.96
34.69,1002.92,-0.96
34.69,1002.92,-0.97
34.69,1002.92,-0.97
34.69,1002.92,-0.98
34.69,1002.91,-0.97
34.69,1002.91,-0.97
34.69,1002.92,-0.97
34.69,1002.92,-0.97
34.69,1002.91,-0.96
34.69,1002.91,-0.96
34.7,1002.91,-0.95
34.7,1002.91,-0.95
34.7,1002.92,-0.95
34.7,1002.92,-0.95
34.7,1002.92,-0.95
34.7,1002.92,-0.96
34.7,1002.92,-0.96
34.7,1002.92,-0.96
34.7,1002.92,-0.97
34.7,1002.92,-0.97
34.7,1002.92,-0.98
34.7,1002.92,-0.98
34.7,1002.92,-0.98
34.7,1002.92,-0.98
34.7,1002.92,-0.98
34.7,1002.92,-0.98
34.71,1002.92,-0.98
34.71,1002.92,-0.98
34.71,1002.91,-0.98
34.71,1002.91,-0.97
34.71,1002.91,-0.97
34.71,1002.91,-0.96
34.71,1002.91,-0.96
34.71,1002.91,-0.95
34.72,1002.91,-0.95
34.72,1002.91,-0.95
34.72,1002.91,-0.95
34.72,1002.91,-0.95
34.72,1002.92,-0.95
34.72,1002.92,-0.95
34.72,1002.93,-0.96
34.72,1002.93,-0.97
34.72,1002.93,-0.98
34.72,1002.93,-0.99
34.72,1002.93,-1.0
34.72,1002.93,-1.0
34.73,1002.92,-1.01
34.73,1002.92,-1.01
34.73,1002.92,-1.01
34.73,1002.92,-1.0
34.73,1002.91,-1.0
34.73,1002.91,-0.99
34.73,1002.91,-0.99
34.73,1002.91,-0.98
34.73,1002.91,-0.97
34.73,1002.91,-0.97
34.73,1002.92,-0.97
34.73,1002.92,-0.97
34.73,1002.92,-0.97
34.73,1002.92,-0.97
34.74,1002.92,-0.98
34.74,1002.92,-0.98
34.74,1002.92,-0.98
34.74,1002.92,-0.99
34.73,1002.93,-0.99
34.73,1002.93,-1.0
34.73,1002.93,-1.0
34.73,1002.93,-1.01
34.73,1002.92,-1.01
34.73,1002.92,-1.01
34.73,1002.92,-1.0
34.73,1002.92,-1.0
34.73,1002.91,-0.99
34.73,1002.91,-0.99
34.73,1002.91,-0.98
34.73,1002.91,-0.98
34.73,1002.92,-0.98
34.73,1002.92,-0.98
34.73,1002.93,-0.99
34.73,1002.93,-1.0
34.73,1002.93,-1.01
34.73,1002.93,-1.02
34.73,1002.94,-1.03
34.73,1002.94,-1.04
34.73,1002.93,-1.05
34.73,1002.93,-1.05
34.73,1002.93,-1.05
34.73,1002.93,-1.05
34.73,1002.93,-1.06
34.73,1002.93,-1.06
34.73,1002.92,-1.06
34.73,1002.92,-1.05
34.73,1002.93,-1.05
34.73,1002.93,-1.05
34.72,1002.92,-1.05
34.72,1002.92,-1.05
34.72,1002.93,-1.05
34.72,1002.93,-1.05
34.72,1002.92,-1.05
34.72,1002.92,-1.04
34.72,1002.93,-1.04
34.72,1002.93,-1.04
34.72,1002.93,-1.05
34.72,1002.93,-1.05
34.73,1002.93,-1.05
34.73,1002.93,-1.05
34.73,1002.92,-1.05
34.73,1002.92,-1.05
34.73,1002.93,-1.05
34.73,1002.93,-1.05
34.73,1002.92,-1.05
34.73,1002.92,-1.05
34.74,1002.92,-1.04
34.74,1002.92,-1.04
34.74,1002.92,-1.03
34.74,1002.92,-1.03
34.74,1002.92,-1.03
34.74,1002.92,-1.03
34.74,1002.92,-1.03
34.74,1002.92,-1.03
34.75,1002.92,-1.02
34.75,1002.92,-1.02
34.75,1002.92,-1.02
34.75,1002.92,-1.02
34.75,1002.92,-1.02
34.75,1002.92,-1.02
34.75,1002.92,-1.02
34.75,1002.92,-1.02
34.75,1002.93,-1.03
34.75,1002.93,-1.03
34.75,1002.92,-1.03
34.75,1002.92,-1.03
34.75,1002.92,-1.03
34.75,1002.92,-1.03
34.75,1002.92,-1.03
34.75,1002.92,-1.03
34.75,1002.92,-1.03
34.75,1002.92,-1.02
34.75,1002.93,-1.03
34.75,1002.93,-1.03
34.75,1002.93,-1.04
34.75,1002.93,-1.05
34.75,1002.93,-1.05
