UTC,Latitude,Longitude,Sats,Altitude
230217.000,18.4776071,73.8218657,,
230218.000,18.4776073,73.8218666,28,561.528
230219.000,18.4776073,73.8218678,28,561.52
230220.000,18.4776073,73.8218686,28,561.512
230221.000,18.4776073,73.8218701,27,561.506
230222.000,18.4776071,73.8218697,28,561.504
230223.000,18.4776066,73.8218695,29,561.513
230224.000,18.4776061,73.8218696,29,561.519
230225.000,18.4776064,73.8218691,29,561.522
230226.000,18.477606,73.8218693,29,561.517
230227.000,18.4776057,73.8218698,28,561.523
230228.000,18.4776056,73.8218702,28,561.525
230229.000,18.4776055,73.8218704,28,561.528
