ASI-050,0,1,28.40,1013.25,45.00,433.00,-75.20,0.00,0.00,0.00,0.00,0.00,0.00,35.10,-20.30,50.00,BOOT,0.00,0.00,0.00,0,0,12.50,0.00,45.20,-90.00,0,1A3F,0$
ASI-050,1,2,28.35,1013.22,45.10,433.00,-75.10,0.01,0.02,0.00,0.01,0.00,0.00,35.05,-20.25,50.10,IDLE,19.07,72.87,58.00,1,5,12.48,0.10,45.30,-89.90,0,1B4E,0$
ASI-050,2,3,28.30,1013.18,45.25,433.00,-75.05,0.02,0.01,0.00,0.01,0.00,0.00,35.00,-20.20,50.15,IDLE,19.07,72.87,58.10,2,6,12.47,0.10,45.40,-89.80,0,1C5D,0$
ASI-050,3,4,28.25,1013.10,45.40,433.00,-75.00,0.03,0.01,0.00,0.02,0.00,0.00,35.00,-20.15,50.25,IDLE,19.07,72.87,58.20,3,7,12.46,0.11,45.50,-89.75,0,1D6E,0$
ASI-050,4,5,28.20,1013.00,46.00,433.00,-74.90,0.05,0.03,0.01,0.03,0.00,0.00,34.90,-20.10,50.30,ASCENT,19.07,72.87,58.50,4,7,12.45,0.12,45.70,-89.60,0,1E7F,0$
ASI-050,5,6,28.10,1012.85,48.00,433.00,-74.80,0.10,0.05,0.02,0.05,0.00,0.01,34.85,-20.00,50.40,ASCENT,19.07,72.87,59.00,5,8,12.43,0.13,45.90,-89.50,0,1F90,0$
ASI-050,6,7,27.90,1012.60,52.00,433.00,-74.75,0.20,0.08,0.05,0.07,0.00,0.02,34.80,-19.95,50.50,ASCENT,19.07,72.87,59.80,6,8,12.41,0.15,46.10,-89.30,0,2091,0$
ASI-050,7,8,27.70,1012.20,58.00,433.00,-74.60,0.35,0.12,0.09,0.08,0.00,0.03,34.75,-19.90,50.60,ASCENT,19.07,72.87,61.00,7,9,12.38,0.17,46.40,-89.10,0,21A2,0$
ASI-050,8,9,27.50,1011.60,65.00,433.00,-74.50,0.45,0.15,0.11,0.09,0.00,0.04,34.70,-19.85,50.70,ASCENT,19.07,72.87,62.00,8,9,12.36,0.18,46.70,-89.00,0,22B3,0$
ASI-050,9,10,27.30,1010.80,72.00,433.00,-74.40,0.55,0.18,0.13,0.10,0.00,0.05,34.60,-19.80,50.75,ASCENT,19.07,72.87,64.00,9,10,12.34,0.19,47.00,-88.80,0,23C4,0$
ASI-050,10,11,27.00,1009.50,80.00,433.00,-74.30,0.70,0.20,0.15,0.12,0.00,0.06,34.55,-19.70,50.80,ASCENT,19.07,72.87,66.00,10,10,12.30,0.21,47.30,-88.70,0,24D5,0$
ASI-050,11,12,26.70,1008.00,90.00,433.00,-74.20,0.85,0.22,0.18,0.14,0.00,0.07,34.50,-19.65,50.90,ASCENT,19.07,72.87,68.00,11,10,12.25,0.22,47.60,-88.50,0,25E6,0$
ASI-050,12,13,26.40,1006.20,102.00,433.00,-74.10,0.90,0.25,0.20,0.16,0.00,0.08,34.45,-19.60,51.00,ASCENT,19.07,72.87,70.00,12,10,12.20,0.23,47.90,-88.40,0,26F7,0$
ASI-050,13,14,26.10,1004.50,115.00,433.00,-74.00,0.85,0.20,0.18,0.15,0.00,0.07,34.40,-19.55,51.10,ASCENT,19.07,72.87,71.00,13,9,12.15,0.23,48.10,-88.30,0,2808,0$
ASI-050,14,15,25.90,1003.00,100.00,433.00,-74.05,0.60,0.10,0.10,0.08,0.00,0.03,34.30,-19.50,51.15,RECOVERY,19.07,72.87,65.00,14,8,12.10,0.22,48.00,-88.20,0,2919,0$
ASI-050,15,16,25.70,1004.50,85.00,433.00,-74.10,0.40,0.08,0.08,0.06,0.00,0.02,34.25,-19.45,51.10,RECOVERY,19.07,72.87,60.00,15,8,12.08,0.20,47.80,-88.10,0,2A2A,0$
ASI-050,16,17,25.60,1006.00,70.00,433.00,-74.15,0.20,0.05,0.05,0.03,0.00,0.01,34.20,-19.40,51.00,RECOVERY,19.07,72.87,58.00,16,7,12.05,0.18,47.60,-88.00,0,2B3B,0$
ASI-050,17,18,25.55,1007.20,60.00,433.00,-74.20,0.10,0.03,0.03,0.02,0.00,0.01,34.15,-19.35,50.95,RECOVERY,19.07,72.87,57.00,17,7,12.04,0.17,47.50,-87.90,0,2C4C,0$
#,ASI-050,19,20,25.45,1009.00,50.00,433.00,-74.30,0.00,0.00,0.00,0.00,0.00,0.00,34.05,-19.25,50.85,RECOVERY,19.07,72.87,55.00,19,6,12.02,0.14,47.30,-87.70,0,2E6E,0,$
#,ASI-050,19,20,25.45,1009.00,50.00,433.00,-74.30,0.00,0.00,0.00,0.00,0.00,0.00,34.05,-19.25,50.85,RECOVERY,19.07,72.87,55.00,19,6,12.02,0.14,47.30,-87.70,0,2E6E,0,$